1584 1585
1584 1605
1584 3146
1585 1586
1585 1607
1586 1587
1586 3148
1587 1588
1587 1609
1588 1589
1588 3150
1589 1590
1589 1611
1590 1591
1590 3152
1591 1592
1591 1613
1592 1593
1592 3154
1593 1594
1593 1615
1594 1595
1594 3156
1595 1596
1595 1617
1596 1597
1596 3158
1597 1598
1597 1619
1598 1599
1598 3160
1599 1600
1599 1621
1600 1601
1600 3162
1601 1602
1601 1623
1602 1603
1602 3164
1603 1604
1603 1625
1604 1605
1604 3166
1605 1627
1606 1607
1606 1627
1606 1628
1607 1608
1608 1609
1608 1630
1609 1610
1610 1611
1610 1632
1611 1612
1612 1613
1612 1634
1613 1614
1614 1615
1614 1636
1615 1616
1616 1617
1616 1638
1617 1618
1618 1619
1618 1640
1619 1620
1620 1621
1620 1642
1621 1622
1622 1623
1622 1644
1623 1624
1624 1625
1624 1646
1625 1626
1626 1627
1626 1648
1628 1629
1628 1649
1629 1630
1629 1651
1630 1631
1631 1632
1631 1653
1632 1633
1633 1634
1633 1655
1634 1635
1635 1636
1635 1657
1636 1637
1637 1638
1637 1659
1638 1639
1639 1640
1639 1661
1640 1641
1641 1642
1641 1663
1642 1643
1643 1644
1643 1665
1644 1645
1645 1646
1645 1667
1646 1647
1647 1648
1647 1669
1648 1649
1649 1671
1650 1651
1650 1671
1650 1672
1651 1652
1652 1653
1652 1674
1653 1654
1654 1655
1654 1676
1655 1656
1656 1657
1656 1678
1657 1658
1658 1659
1658 1680
1659 1660
1660 1661
1660 1682
1661 1662
1662 1663
1662 1684
1663 1664
1664 1665
1664 1686
1665 1666
1666 1667
1666 1688
1667 1668
1668 1669
1668 1690
1669 1670
1670 1671
1670 1692
1672 1673
1672 1693
1673 1674
1673 1695
1674 1675
1675 1676
1675 1697
1676 1677
1677 1678
1677 1699
1678 1679
1679 1680
1679 1701
1680 1681
1681 1682
1681 1703
1682 1683
1683 1684
1683 1705
1684 1685
1685 1686
1685 1707
1686 1687
1687 1688
1687 1709
1688 1689
1689 1690
1689 1711
1690 1691
1691 1692
1691 1713
1692 1693
1693 1715
1694 1695
1694 1715
1694 1716
1695 1696
1696 1697
1696 1718
1697 1698
1698 1699
1698 1720
1699 1700
1700 1701
1700 1722
1701 1702
1702 1703
1702 1724
1703 1704
1704 1705
1704 1726
1705 1706
1706 1707
1706 1728
1707 1708
1708 1709
1708 1730
1709 1710
1710 1711
1710 1732
1711 1712
1712 1713
1712 1734
1713 1714
1714 1715
1714 1736
1716 1717
1716 1737
1717 1718
1717 1739
1718 1719
1719 1720
1719 1741
1720 1721
1721 1722
1721 1743
1722 1723
1723 1724
1723 1745
1724 1725
1725 1726
1725 1747
1726 1727
1727 1728
1727 1749
1728 1729
1729 1730
1729 1751
1730 1731
1731 1732
1731 1753
1732 1733
1733 1734
1733 1755
1734 1735
1735 1736
1735 1757
1736 1737
1737 1759
1738 1739
1738 1759
1738 1760
1739 1740
1740 1741
1740 1762
1741 1742
1742 1743
1742 1764
1743 1744
1744 1745
1744 1766
1745 1746
1746 1747
1746 1768
1747 1748
1748 1749
1748 1770
1749 1750
1750 1751
1750 1772
1751 1752
1752 1753
1752 1774
1753 1754
1754 1755
1754 1776
1755 1756
1756 1757
1756 1778
1757 1758
1758 1759
1758 1780
1760 1761
1760 1781
1761 1762
1761 1783
1762 1763
1763 1764
1763 1785
1764 1765
1765 1766
1765 1787
1766 1767
1767 1768
1767 1789
1768 1769
1769 1770
1769 1791
1770 1771
1771 1772
1771 1793
1772 1773
1773 1774
1773 1795
1774 1775
1775 1776
1775 1797
1776 1777
1777 1778
1777 1799
1778 1779
1779 1780
1779 1801
1780 1781
1781 1803
1782 1783
1782 1803
1782 1804
1783 1784
1784 1785
1784 1806
1785 1786
1786 1787
1786 1808
1787 1788
1788 1789
1788 1810
1789 1790
1790 1791
1790 1812
1791 1792
1792 1793
1792 1814
1793 1794
1794 1795
1794 1816
1795 1796
1796 1797
1796 1818
1797 1798
1798 1799
1798 1820
1799 1800
1800 1801
1800 1822
1801 1802
1802 1803
1802 1824
1804 1805
1804 1825
1805 1806
1805 1827
1806 1807
1807 1808
1807 1829
1808 1809
1809 1810
1809 1831
1810 1811
1811 1812
1811 1833
1812 1813
1813 1814
1813 1835
1814 1815
1815 1816
1815 1837
1816 1817
1817 1818
1817 1839
1818 1819
1819 1820
1819 1841
1820 1821
1821 1822
1821 1843
1822 1823
1823 1824
1823 1845
1824 1825
1825 1847
1826 1827
1826 1847
1826 1848
1827 1828
1828 1829
1828 1850
1829 1830
1830 1831
1830 1852
1831 1832
1832 1833
1832 1854
1833 1834
1834 1835
1834 1856
1835 1836
1836 1837
1836 1858
1837 1838
1838 1839
1838 1860
1839 1840
1840 1841
1840 1862
1841 1842
1842 1843
1842 1864
1843 1844
1844 1845
1844 1866
1845 1846
1846 1847
1846 1868
1848 1849
1848 1869
1849 1850
1849 1871
1850 1851
1851 1852
1851 1873
1852 1853
1853 1854
1853 1875
1854 1855
1855 1856
1855 1877
1856 1857
1857 1858
1857 1879
1858 1859
1859 1860
1859 1881
1860 1861
1861 1862
1861 1883
1862 1863
1863 1864
1863 1885
1864 1865
1865 1866
1865 1887
1866 1867
1867 1868
1867 1889
1868 1869
1869 1891
1870 1871
1870 1891
1870 1892
1871 1872
1872 1873
1872 1894
1873 1874
1874 1875
1874 1896
1875 1876
1876 1877
1876 1898
1877 1878
1878 1879
1878 1900
1879 1880
1880 1881
1880 1902
1881 1882
1882 1883
1882 1904
1883 1884
1884 1885
1884 1906
1885 1886
1886 1887
1886 1908
1887 1888
1888 1889
1888 1910
1889 1890
1890 1891
1890 1912
1892 1893
1892 1913
1893 1894
1893 1915
1894 1895
1895 1896
1895 1917
1896 1897
1897 1898
1897 1919
1898 1899
1899 1900
1899 1921
1900 1901
1901 1902
1901 1923
1902 1903
1903 1904
1903 1925
1904 1905
1905 1906
1905 1927
1906 1907
1907 1908
1907 1929
1908 1909
1909 1910
1909 1931
1910 1911
1911 1912
1911 1933
1912 1913
1913 1935
1914 1915
1914 1935
1914 1936
1915 1916
1916 1917
1916 1938
1917 1918
1918 1919
1918 1940
1919 1920
1920 1921
1920 1942
1921 1922
1922 1923
1922 1944
1923 1924
1924 1925
1924 1946
1925 1926
1926 1927
1926 1948
1927 1928
1928 1929
1928 1950
1929 1930
1930 1931
1930 1952
1931 1932
1932 1933
1932 1954
1933 1934
1934 1935
1934 1956
1936 1937
1936 1957
1937 1938
1937 1959
1938 1939
1939 1940
1939 1961
1940 1941
1941 1942
1941 1963
1942 1943
1943 1944
1943 1965
1944 1945
1945 1946
1945 1967
1946 1947
1947 1948
1947 1969
1948 1949
1949 1950
1949 1971
1950 1951
1951 1952
1951 1973
1952 1953
1953 1954
1953 1975
1954 1955
1955 1956
1955 1977
1956 1957
1957 1979
1958 1959
1958 1979
1958 1980
1959 1960
1960 1961
1960 1982
1961 1962
1962 1963
1962 1984
1963 1964
1964 1965
1964 1986
1965 1966
1966 1967
1966 1988
1967 1968
1968 1969
1968 1990
1969 1970
1970 1971
1970 1992
1971 1972
1972 1973
1972 1994
1973 1974
1974 1975
1974 1996
1975 1976
1976 1977
1976 1998
1977 1978
1978 1979
1978 2000
1980 1981
1980 2001
1981 1982
1981 2003
1982 1983
1983 1984
1983 2005
1984 1985
1985 1986
1985 2007
1986 1987
1987 1988
1987 2009
1988 1989
1989 1990
1989 2011
1990 1991
1991 1992
1991 2013
1992 1993
1993 1994
1993 2015
1994 1995
1995 1996
1995 2017
1996 1997
1997 1998
1997 2019
1998 1999
1999 2000
1999 2021
2000 2001
2001 2023
2002 2003
2002 2023
2002 2024
2003 2004
2004 2005
2004 2026
2005 2006
2006 2007
2006 2028
2007 2008
2008 2009
2008 2030
2009 2010
2010 2011
2010 2032
2011 2012
2012 2013
2012 2034
2013 2014
2014 2015
2014 2036
2015 2016
2016 2017
2016 2038
2017 2018
2018 2019
2018 2040
2019 2020
2020 2021
2020 2042
2021 2022
2022 2023
2022 2044
2024 2025
2024 2045
2025 2026
2025 2047
2026 2027
2027 2028
2027 2049
2028 2029
2029 2030
2029 2051
2030 2031
2031 2032
2031 2053
2032 2033
2033 2034
2033 2055
2034 2035
2035 2036
2035 2057
2036 2037
2037 2038
2037 2059
2038 2039
2039 2040
2039 2061
2040 2041
2041 2042
2041 2063
2042 2043
2043 2044
2043 2065
2044 2045
2045 2067
2046 2047
2046 2067
2046 2068
2047 2048
2048 2049
2048 2070
2049 2050
2050 2051
2050 2072
2051 2052
2052 2053
2052 2074
2053 2054
2054 2055
2054 2076
2055 2056
2056 2057
2056 2078
2057 2058
2058 2059
2058 2080
2059 2060
2060 2061
2060 2082
2061 2062
2062 2063
2062 2084
2063 2064
2064 2065
2064 2086
2065 2066
2066 2067
2066 2088
2068 2069
2068 2089
2069 2070
2069 2091
2070 2071
2071 2072
2071 2093
2072 2073
2073 2074
2073 2095
2074 2075
2075 2076
2075 2097
2076 2077
2077 2078
2077 2099
2078 2079
2079 2080
2079 2101
2080 2081
2081 2082
2081 2103
2082 2083
2083 2084
2083 2105
2084 2085
2085 2086
2085 2107
2086 2087
2087 2088
2087 2109
2088 2089
2089 2111
2090 2091
2090 2111
2090 2112
2091 2092
2092 2093
2092 2114
2093 2094
2094 2095
2094 2116
2095 2096
2096 2097
2096 2118
2097 2098
2098 2099
2098 2120
2099 2100
2100 2101
2100 2122
2101 2102
2102 2103
2102 2124
2103 2104
2104 2105
2104 2126
2105 2106
2106 2107
2106 2128
2107 2108
2108 2109
2108 2130
2109 2110
2110 2111
2110 2132
2112 2113
2112 2133
2113 2114
2113 2135
2114 2115
2115 2116
2115 2137
2116 2117
2117 2118
2117 2139
2118 2119
2119 2120
2119 2141
2120 2121
2121 2122
2121 2143
2122 2123
2123 2124
2123 2145
2124 2125
2125 2126
2125 2147
2126 2127
2127 2128
2127 2149
2128 2129
2129 2130
2129 2151
2130 2131
2131 2132
2131 2153
2132 2133
2133 2155
2134 2135
2134 2155
2134 2156
2135 2136
2136 2137
2136 2158
2137 2138
2138 2139
2138 2160
2139 2140
2140 2141
2140 2162
2141 2142
2142 2143
2142 2164
2143 2144
2144 2145
2144 2166
2145 2146
2146 2147
2146 2168
2147 2148
2148 2149
2148 2170
2149 2150
2150 2151
2150 2172
2151 2152
2152 2153
2152 2174
2153 2154
2154 2155
2154 2176
2156 2157
2156 2177
2157 2158
2157 2179
2158 2159
2159 2160
2159 2181
2160 2161
2161 2162
2161 2183
2162 2163
2163 2164
2163 2185
2164 2165
2165 2166
2165 2187
2166 2167
2167 2168
2167 2189
2168 2169
2169 2170
2169 2191
2170 2171
2171 2172
2171 2193
2172 2173
2173 2174
2173 2195
2174 2175
2175 2176
2175 2197
2176 2177
2177 2199
2178 2179
2178 2199
2178 2200
2179 2180
2180 2181
2180 2202
2181 2182
2182 2183
2182 2204
2183 2184
2184 2185
2184 2206
2185 2186
2186 2187
2186 2208
2187 2188
2188 2189
2188 2210
2189 2190
2190 2191
2190 2212
2191 2192
2192 2193
2192 2214
2193 2194
2194 2195
2194 2216
2195 2196
2196 2197
2196 2218
2197 2198
2198 2199
2198 2220
2200 2201
2200 2221
2201 2202
2201 2223
2202 2203
2203 2204
2203 2225
2204 2205
2205 2206
2205 2227
2206 2207
2207 2208
2207 2229
2208 2209
2209 2210
2209 2231
2210 2211
2211 2212
2211 2233
2212 2213
2213 2214
2213 2235
2214 2215
2215 2216
2215 2237
2216 2217
2217 2218
2217 2239
2218 2219
2219 2220
2219 2241
2220 2221
2221 2243
2222 2223
2222 2243
2222 2244
2223 2224
2224 2225
2224 2246
2225 2226
2226 2227
2226 2248
2227 2228
2228 2229
2228 2250
2229 2230
2230 2231
2230 2252
2231 2232
2232 2233
2232 2254
2233 2234
2234 2235
2234 2256
2235 2236
2236 2237
2236 2258
2237 2238
2238 2239
2238 2260
2239 2240
2240 2241
2240 2262
2241 2242
2242 2243
2242 2264
2244 2245
2244 2265
2245 2246
2245 2267
2246 2247
2247 2248
2247 2269
2248 2249
2249 2250
2249 2271
2250 2251
2251 2252
2251 2273
2252 2253
2253 2254
2253 2275
2254 2255
2255 2256
2255 2277
2256 2257
2257 2258
2257 2279
2258 2259
2259 2260
2259 2281
2260 2261
2261 2262
2261 2283
2262 2263
2263 2264
2263 2285
2264 2265
2265 2287
2266 2267
2266 2287
2266 2288
2267 2268
2268 2269
2268 2290
2269 2270
2270 2271
2270 2292
2271 2272
2272 2273
2272 2294
2273 2274
2274 2275
2274 2296
2275 2276
2276 2277
2276 2298
2277 2278
2278 2279
2278 2300
2279 2280
2280 2281
2280 2302
2281 2282
2282 2283
2282 2304
2283 2284
2284 2285
2284 2306
2285 2286
2286 2287
2286 2308
2288 2289
2288 2309
2289 2290
2289 2311
2290 2291
2291 2292
2291 2313
2292 2293
2293 2294
2293 2315
2294 2295
2295 2296
2295 2317
2296 2297
2297 2298
2297 2319
2298 2299
2299 2300
2299 2321
2300 2301
2301 2302
2301 2323
2302 2303
2303 2304
2303 2325
2304 2305
2305 2306
2305 2327
2306 2307
2307 2308
2307 2329
2308 2309
2309 2331
2310 2311
2310 2331
2310 2332
2311 2312
2312 2313
2312 2334
2313 2314
2314 2315
2314 2336
2315 2316
2316 2317
2316 2338
2317 2318
2318 2319
2318 2340
2319 2320
2320 2321
2320 2342
2321 2322
2322 2323
2322 2344
2323 2324
2324 2325
2324 2346
2325 2326
2326 2327
2326 2348
2327 2328
2328 2329
2328 2350
2329 2330
2330 2331
2330 2352
2332 2333
2332 2353
2333 2334
2333 2355
2334 2335
2335 2336
2335 2357
2336 2337
2337 2338
2337 2359
2338 2339
2339 2340
2339 2361
2340 2341
2341 2342
2341 2363
2342 2343
2343 2344
2343 2365
2344 2345
2345 2346
2345 2367
2346 2347
2347 2348
2347 2369
2348 2349
2349 2350
2349 2371
2350 2351
2351 2352
2351 2373
2352 2353
2353 2375
2354 2355
2354 2375
2354 2376
2355 2356
2356 2357
2356 2378
2357 2358
2358 2359
2358 2380
2359 2360
2360 2361
2360 2382
2361 2362
2362 2363
2362 2384
2363 2364
2364 2365
2364 2386
2365 2366
2366 2367
2366 2388
2367 2368
2368 2369
2368 2390
2369 2370
2370 2371
2370 2392
2371 2372
2372 2373
2372 2394
2373 2374
2374 2375
2374 2396
2376 2377
2376 2397
2377 2378
2377 2399
2378 2379
2379 2380
2379 2401
2380 2381
2381 2382
2381 2403
2382 2383
2383 2384
2383 2405
2384 2385
2385 2386
2385 2407
2386 2387
2387 2388
2387 2409
2388 2389
2389 2390
2389 2411
2390 2391
2391 2392
2391 2413
2392 2393
2393 2394
2393 2415
2394 2395
2395 2396
2395 2417
2396 2397
2397 2419
2398 2399
2398 2419
2398 2420
2399 2400
2400 2401
2400 2422
2401 2402
2402 2403
2402 2424
2403 2404
2404 2405
2404 2426
2405 2406
2406 2407
2406 2428
2407 2408
2408 2409
2408 2430
2409 2410
2410 2411
2410 2432
2411 2412
2412 2413
2412 2434
2413 2414
2414 2415
2414 2436
2415 2416
2416 2417
2416 2438
2417 2418
2418 2419
2418 2440
2420 2421
2420 2441
2421 2422
2421 2443
2422 2423
2423 2424
2423 2445
2424 2425
2425 2426
2425 2447
2426 2427
2427 2428
2427 2449
2428 2429
2429 2430
2429 2451
2430 2431
2431 2432
2431 2453
2432 2433
2433 2434
2433 2455
2434 2435
2435 2436
2435 2457
2436 2437
2437 2438
2437 2459
2438 2439
2439 2440
2439 2461
2440 2441
2441 2463
2442 2443
2442 2463
2442 2464
2443 2444
2444 2445
2444 2466
2445 2446
2446 2447
2446 2468
2447 2448
2448 2449
2448 2470
2449 2450
2450 2451
2450 2472
2451 2452
2452 2453
2452 2474
2453 2454
2454 2455
2454 2476
2455 2456
2456 2457
2456 2478
2457 2458
2458 2459
2458 2480
2459 2460
2460 2461
2460 2482
2461 2462
2462 2463
2462 2484
2464 2465
2464 2485
2465 2466
2465 2487
2466 2467
2467 2468
2467 2489
2468 2469
2469 2470
2469 2491
2470 2471
2471 2472
2471 2493
2472 2473
2473 2474
2473 2495
2474 2475
2475 2476
2475 2497
2476 2477
2477 2478
2477 2499
2478 2479
2479 2480
2479 2501
2480 2481
2481 2482
2481 2503
2482 2483
2483 2484
2483 2505
2484 2485
2485 2507
2486 2487
2486 2507
2486 2508
2487 2488
2488 2489
2488 2510
2489 2490
2490 2491
2490 2512
2491 2492
2492 2493
2492 2514
2493 2494
2494 2495
2494 2516
2495 2496
2496 2497
2496 2518
2497 2498
2498 2499
2498 2520
2499 2500
2500 2501
2500 2522
2501 2502
2502 2503
2502 2524
2503 2504
2504 2505
2504 2526
2505 2506
2506 2507
2506 2528
2508 2509
2508 2529
2509 2510
2509 2531
2510 2511
2511 2512
2511 2533
2512 2513
2513 2514
2513 2535
2514 2515
2515 2516
2515 2537
2516 2517
2517 2518
2517 2539
2518 2519
2519 2520
2519 2541
2520 2521
2521 2522
2521 2543
2522 2523
2523 2524
2523 2545
2524 2525
2525 2526
2525 2547
2526 2527
2527 2528
2527 2549
2528 2529
2529 2551
2530 2531
2530 2551
2530 2552
2531 2532
2532 2533
2532 2554
2533 2534
2534 2535
2534 2556
2535 2536
2536 2537
2536 2558
2537 2538
2538 2539
2538 2560
2539 2540
2540 2541
2540 2562
2541 2542
2542 2543
2542 2564
2543 2544
2544 2545
2544 2566
2545 2546
2546 2547
2546 2568
2547 2548
2548 2549
2548 2570
2549 2550
2550 2551
2550 2572
2552 2553
2552 2573
2553 2554
2553 2575
2554 2555
2555 2556
2555 2577
2556 2557
2557 2558
2557 2579
2558 2559
2559 2560
2559 2581
2560 2561
2561 2562
2561 2583
2562 2563
2563 2564
2563 2585
2564 2565
2565 2566
2565 2587
2566 2567
2567 2568
2567 2589
2568 2569
2569 2570
2569 2591
2570 2571
2571 2572
2571 2593
2572 2573
2573 2595
2574 2575
2574 2595
2574 2596
2575 2576
2576 2577
2576 2598
2577 2578
2578 2579
2578 2600
2579 2580
2580 2581
2580 2602
2581 2582
2582 2583
2582 2604
2583 2584
2584 2585
2584 2606
2585 2586
2586 2587
2586 2608
2587 2588
2588 2589
2588 2610
2589 2590
2590 2591
2590 2612
2591 2592
2592 2593
2592 2614
2593 2594
2594 2595
2594 2616
2596 2597
2596 2617
2597 2598
2597 2619
2598 2599
2599 2600
2599 2621
2600 2601
2601 2602
2601 2623
2602 2603
2603 2604
2603 2625
2604 2605
2605 2606
2605 2627
2606 2607
2607 2608
2607 2629
2608 2609
2609 2610
2609 2631
2610 2611
2611 2612
2611 2633
2612 2613
2613 2614
2613 2635
2614 2615
2615 2616
2615 2637
2616 2617
2617 2639
2618 2619
2618 2639
2618 2640
2619 2620
2620 2621
2620 2642
2621 2622
2622 2623
2622 2644
2623 2624
2624 2625
2624 2646
2625 2626
2626 2627
2626 2648
2627 2628
2628 2629
2628 2650
2629 2630
2630 2631
2630 2652
2631 2632
2632 2633
2632 2654
2633 2634
2634 2635
2634 2656
2635 2636
2636 2637
2636 2658
2637 2638
2638 2639
2638 2660
2640 2641
2640 2661
2641 2642
2641 2663
2642 2643
2643 2644
2643 2665
2644 2645
2645 2646
2645 2667
2646 2647
2647 2648
2647 2669
2648 2649
2649 2650
2649 2671
2650 2651
2651 2652
2651 2673
2652 2653
2653 2654
2653 2675
2654 2655
2655 2656
2655 2677
2656 2657
2657 2658
2657 2679
2658 2659
2659 2660
2659 2681
2660 2661
2661 2683
2662 2663
2662 2683
2662 2684
2663 2664
2664 2665
2664 2686
2665 2666
2666 2667
2666 2688
2667 2668
2668 2669
2668 2690
2669 2670
2670 2671
2670 2692
2671 2672
2672 2673
2672 2694
2673 2674
2674 2675
2674 2696
2675 2676
2676 2677
2676 2698
2677 2678
2678 2679
2678 2700
2679 2680
2680 2681
2680 2702
2681 2682
2682 2683
2682 2704
2684 2685
2684 2705
2685 2686
2685 2707
2686 2687
2687 2688
2687 2709
2688 2689
2689 2690
2689 2711
2690 2691
2691 2692
2691 2713
2692 2693
2693 2694
2693 2715
2694 2695
2695 2696
2695 2717
2696 2697
2697 2698
2697 2719
2698 2699
2699 2700
2699 2721
2700 2701
2701 2702
2701 2723
2702 2703
2703 2704
2703 2725
2704 2705
2705 2727
2706 2707
2706 2727
2706 2728
2707 2708
2708 2709
2708 2730
2709 2710
2710 2711
2710 2732
2711 2712
2712 2713
2712 2734
2713 2714
2714 2715
2714 2736
2715 2716
2716 2717
2716 2738
2717 2718
2718 2719
2718 2740
2719 2720
2720 2721
2720 2742
2721 2722
2722 2723
2722 2744
2723 2724
2724 2725
2724 2746
2725 2726
2726 2727
2726 2748
2728 2729
2728 2749
2729 2730
2729 2751
2730 2731
2731 2732
2731 2753
2732 2733
2733 2734
2733 2755
2734 2735
2735 2736
2735 2757
2736 2737
2737 2738
2737 2759
2738 2739
2739 2740
2739 2761
2740 2741
2741 2742
2741 2763
2742 2743
2743 2744
2743 2765
2744 2745
2745 2746
2745 2767
2746 2747
2747 2748
2747 2769
2748 2749
2749 2771
2750 2751
2750 2771
2750 2772
2751 2752
2752 2753
2752 2774
2753 2754
2754 2755
2754 2776
2755 2756
2756 2757
2756 2778
2757 2758
2758 2759
2758 2780
2759 2760
2760 2761
2760 2782
2761 2762
2762 2763
2762 2784
2763 2764
2764 2765
2764 2786
2765 2766
2766 2767
2766 2788
2767 2768
2768 2769
2768 2790
2769 2770
2770 2771
2770 2792
2772 2773
2772 2793
2773 2774
2773 2795
2774 2775
2775 2776
2775 2797
2776 2777
2777 2778
2777 2799
2778 2779
2779 2780
2779 2801
2780 2781
2781 2782
2781 2803
2782 2783
2783 2784
2783 2805
2784 2785
2785 2786
2785 2807
2786 2787
2787 2788
2787 2809
2788 2789
2789 2790
2789 2811
2790 2791
2791 2792
2791 2813
2792 2793
2793 2815
2794 2795
2794 2815
2794 2816
2795 2796
2796 2797
2796 2818
2797 2798
2798 2799
2798 2820
2799 2800
2800 2801
2800 2822
2801 2802
2802 2803
2802 2824
2803 2804
2804 2805
2804 2826
2805 2806
2806 2807
2806 2828
2807 2808
2808 2809
2808 2830
2809 2810
2810 2811
2810 2832
2811 2812
2812 2813
2812 2834
2813 2814
2814 2815
2814 2836
2816 2817
2816 2837
2817 2818
2817 2839
2818 2819
2819 2820
2819 2841
2820 2821
2821 2822
2821 2843
2822 2823
2823 2824
2823 2845
2824 2825
2825 2826
2825 2847
2826 2827
2827 2828
2827 2849
2828 2829
2829 2830
2829 2851
2830 2831
2831 2832
2831 2853
2832 2833
2833 2834
2833 2855
2834 2835
2835 2836
2835 2857
2836 2837
2837 2859
2838 2839
2838 2859
2838 2860
2839 2840
2840 2841
2840 2862
2841 2842
2842 2843
2842 2864
2843 2844
2844 2845
2844 2866
2845 2846
2846 2847
2846 2868
2847 2848
2848 2849
2848 2870
2849 2850
2850 2851
2850 2872
2851 2852
2852 2853
2852 2874
2853 2854
2854 2855
2854 2876
2855 2856
2856 2857
2856 2878
2857 2858
2858 2859
2858 2880
2860 2861
2860 2881
2861 2862
2861 2883
2862 2863
2863 2864
2863 2885
2864 2865
2865 2866
2865 2887
2866 2867
2867 2868
2867 2889
2868 2869
2869 2870
2869 2891
2870 2871
2871 2872
2871 2893
2872 2873
2873 2874
2873 2895
2874 2875
2875 2876
2875 2897
2876 2877
2877 2878
2877 2899
2878 2879
2879 2880
2879 2901
2880 2881
2881 2903
2882 2883
2882 2903
2882 2904
2883 2884
2884 2885
2884 2906
2885 2886
2886 2887
2886 2908
2887 2888
2888 2889
2888 2910
2889 2890
2890 2891
2890 2912
2891 2892
2892 2893
2892 2914
2893 2894
2894 2895
2894 2916
2895 2896
2896 2897
2896 2918
2897 2898
2898 2899
2898 2920
2899 2900
2900 2901
2900 2922
2901 2902
2902 2903
2902 2924
2904 2905
2904 2925
2905 2906
2905 2927
2906 2907
2907 2908
2907 2929
2908 2909
2909 2910
2909 2931
2910 2911
2911 2912
2911 2933
2912 2913
2913 2914
2913 2935
2914 2915
2915 2916
2915 2937
2916 2917
2917 2918
2917 2939
2918 2919
2919 2920
2919 2941
2920 2921
2921 2922
2921 2943
2922 2923
2923 2924
2923 2945
2924 2925
2925 2947
2926 2927
2926 2947
2926 2948
2927 2928
2928 2929
2928 2950
2929 2930
2930 2931
2930 2952
2931 2932
2932 2933
2932 2954
2933 2934
2934 2935
2934 2956
2935 2936
2936 2937
2936 2958
2937 2938
2938 2939
2938 2960
2939 2940
2940 2941
2940 2962
2941 2942
2942 2943
2942 2964
2943 2944
2944 2945
2944 2966
2945 2946
2946 2947
2946 2968
2948 2949
2948 2969
2949 2950
2949 2971
2950 2951
2951 2952
2951 2973
2952 2953
2953 2954
2953 2975
2954 2955
2955 2956
2955 2977
2956 2957
2957 2958
2957 2979
2958 2959
2959 2960
2959 2981
2960 2961
2961 2962
2961 2983
2962 2963
2963 2964
2963 2985
2964 2965
2965 2966
2965 2987
2966 2967
2967 2968
2967 2989
2968 2969
2969 2991
2970 2971
2970 2991
2970 2992
2971 2972
2972 2973
2972 2994
2973 2974
2974 2975
2974 2996
2975 2976
2976 2977
2976 2998
2977 2978
2978 2979
2978 3000
2979 2980
2980 2981
2980 3002
2981 2982
2982 2983
2982 3004
2983 2984
2984 2985
2984 3006
2985 2986
2986 2987
2986 3008
2987 2988
2988 2989
2988 3010
2989 2990
2990 2991
2990 3012
2992 2993
2992 3013
2993 2994
2993 3015
2994 2995
2995 2996
2995 3017
2996 2997
2997 2998
2997 3019
2998 2999
2999 3000
2999 3021
3000 3001
3001 3002
3001 3023
3002 3003
3003 3004
3003 3025
3004 3005
3005 3006
3005 3027
3006 3007
3007 3008
3007 3029
3008 3009
3009 3010
3009 3031
3010 3011
3011 3012
3011 3033
3012 3013
3013 3035
3014 3015
3014 3035
3014 3036
3015 3016
3016 3017
3016 3038
3017 3018
3018 3019
3018 3040
3019 3020
3020 3021
3020 3042
3021 3022
3022 3023
3022 3044
3023 3024
3024 3025
3024 3046
3025 3026
3026 3027
3026 3048
3027 3028
3028 3029
3028 3050
3029 3030
3030 3031
3030 3052
3031 3032
3032 3033
3032 3054
3033 3034
3034 3035
3034 3056
3036 3037
3036 3057
3037 3038
3037 3059
3038 3039
3039 3040
3039 3061
3040 3041
3041 3042
3041 3063
3042 3043
3043 3044
3043 3065
3044 3045
3045 3046
3045 3067
3046 3047
3047 3048
3047 3069
3048 3049
3049 3050
3049 3071
3050 3051
3051 3052
3051 3073
3052 3053
3053 3054
3053 3075
3054 3055
3055 3056
3055 3077
3056 3057
3057 3079
3058 3059
3058 3079
3058 3080
3059 3060
3060 3061
3060 3082
3061 3062
3062 3063
3062 3084
3063 3064
3064 3065
3064 3086
3065 3066
3066 3067
3066 3088
3067 3068
3068 3069
3068 3090
3069 3070
3070 3071
3070 3092
3071 3072
3072 3073
3072 3094
3073 3074
3074 3075
3074 3096
3075 3076
3076 3077
3076 3098
3077 3078
3078 3079
3078 3100
3080 3081
3080 3101
3081 3082
3081 3103
3082 3083
3083 3084
3083 3105
3084 3085
3085 3086
3085 3107
3086 3087
3087 3088
3087 3109
3088 3089
3089 3090
3089 3111
3090 3091
3091 3092
3091 3113
3092 3093
3093 3094
3093 3115
3094 3095
3095 3096
3095 3117
3096 3097
3097 3098
3097 3119
3098 3099
3099 3100
3099 3121
3100 3101
3101 3123
3102 3103
3102 3123
3102 3124
3103 3104
3104 3105
3104 3126
3105 3106
3106 3107
3106 3128
3107 3108
3108 3109
3108 3130
3109 3110
3110 3111
3110 3132
3111 3112
3112 3113
3112 3134
3113 3114
3114 3115
3114 3136
3115 3116
3116 3117
3116 3138
3117 3118
3118 3119
3118 3140
3119 3120
3120 3121
3120 3142
3121 3122
3122 3123
3122 3144
3124 3125
3124 3145
3125 3126
3125 3147
3126 3127
3127 3128
3127 3149
3128 3129
3129 3130
3129 3151
3130 3131
3131 3132
3131 3153
3132 3133
3133 3134
3133 3155
3134 3135
3135 3136
3135 3157
3136 3137
3137 3138
3137 3159
3138 3139
3139 3140
3139 3161
3140 3141
3141 3142
3141 3163
3142 3143
3143 3144
3143 3165
3144 3145
3145 3167
3146 3147
3146 3167
3147 3148
3148 3149
3149 3150
3150 3151
3151 3152
3152 3153
3153 3154
3154 3155
3155 3156
3156 3157
3157 3158
3158 3159
3159 3160
3160 3161
3161 3162
3162 3163
3163 3164
3164 3165
3165 3166
3166 3167
3168 3169
3168 3187
3168 3868
3169 3170
3169 3189
3170 3171
3170 3870
3171 3172
3171 3191
3172 3173
3172 3872
3173 3174
3173 3193
3174 3175
3174 3874
3175 3176
3175 3195
3176 3177
3176 3876
3177 3178
3177 3197
3178 3179
3178 3878
3179 3180
3179 3199
3180 3181
3180 3880
3181 3182
3181 3201
3182 3183
3182 3882
3183 3184
3183 3203
3184 3185
3184 3884
3185 3186
3185 3205
3186 3187
3186 3886
3187 3207
3188 3189
3188 3207
3188 3208
3189 3190
3190 3191
3190 3210
3191 3192
3192 3193
3192 3212
3193 3194
3194 3195
3194 3214
3195 3196
3196 3197
3196 3216
3197 3198
3198 3199
3198 3218
3199 3200
3200 3201
3200 3220
3201 3202
3202 3203
3202 3222
3203 3204
3204 3205
3204 3224
3205 3206
3206 3207
3206 3226
3208 3209
3208 3227
3209 3210
3209 3229
3210 3211
3211 3212
3211 3231
3212 3213
3213 3214
3213 3233
3214 3215
3215 3216
3215 3235
3216 3217
3217 3218
3217 3237
3218 3219
3219 3220
3219 3239
3220 3221
3221 3222
3221 3241
3222 3223
3223 3224
3223 3243
3224 3225
3225 3226
3225 3245
3226 3227
3227 3247
3228 3229
3228 3247
3228 3248
3229 3230
3230 3231
3230 3250
3231 3232
3232 3233
3232 3252
3233 3234
3234 3235
3234 3254
3235 3236
3236 3237
3236 3256
3237 3238
3238 3239
3238 3258
3239 3240
3240 3241
3240 3260
3241 3242
3242 3243
3242 3262
3243 3244
3244 3245
3244 3264
3245 3246
3246 3247
3246 3266
3248 3249
3248 3267
3249 3250
3249 3269
3250 3251
3251 3252
3251 3271
3252 3253
3253 3254
3253 3273
3254 3255
3255 3256
3255 3275
3256 3257
3257 3258
3257 3277
3258 3259
3259 3260
3259 3279
3260 3261
3261 3262
3261 3281
3262 3263
3263 3264
3263 3283
3264 3265
3265 3266
3265 3285
3266 3267
3267 3287
3268 3269
3268 3287
3268 3288
3269 3270
3270 3271
3270 3290
3271 3272
3272 3273
3272 3292
3273 3274
3274 3275
3274 3294
3275 3276
3276 3277
3276 3296
3277 3278
3278 3279
3278 3298
3279 3280
3280 3281
3280 3300
3281 3282
3282 3283
3282 3302
3283 3284
3284 3285
3284 3304
3285 3286
3286 3287
3286 3306
3288 3289
3288 3307
3289 3290
3289 3309
3290 3291
3291 3292
3291 3311
3292 3293
3293 3294
3293 3313
3294 3295
3295 3296
3295 3315
3296 3297
3297 3298
3297 3317
3298 3299
3299 3300
3299 3319
3300 3301
3301 3302
3301 3321
3302 3303
3303 3304
3303 3323
3304 3305
3305 3306
3305 3325
3306 3307
3307 3327
3308 3309
3308 3327
3308 3328
3309 3310
3310 3311
3310 3330
3311 3312
3312 3313
3312 3332
3313 3314
3314 3315
3314 3334
3315 3316
3316 3317
3316 3336
3317 3318
3318 3319
3318 3338
3319 3320
3320 3321
3320 3340
3321 3322
3322 3323
3322 3342
3323 3324
3324 3325
3324 3344
3325 3326
3326 3327
3326 3346
3328 3329
3328 3347
3329 3330
3329 3349
3330 3331
3331 3332
3331 3351
3332 3333
3333 3334
3333 3353
3334 3335
3335 3336
3335 3355
3336 3337
3337 3338
3337 3357
3338 3339
3339 3340
3339 3359
3340 3341
3341 3342
3341 3361
3342 3343
3343 3344
3343 3363
3344 3345
3345 3346
3345 3365
3346 3347
3347 3367
3348 3349
3348 3367
3348 3368
3349 3350
3350 3351
3350 3370
3351 3352
3352 3353
3352 3372
3353 3354
3354 3355
3354 3374
3355 3356
3356 3357
3356 3376
3357 3358
3358 3359
3358 3378
3359 3360
3360 3361
3360 3380
3361 3362
3362 3363
3362 3382
3363 3364
3364 3365
3364 3384
3365 3366
3366 3367
3366 3386
3368 3369
3368 3387
3369 3370
3369 3389
3370 3371
3371 3372
3371 3391
3372 3373
3373 3374
3373 3393
3374 3375
3375 3376
3375 3395
3376 3377
3377 3378
3377 3397
3378 3379
3379 3380
3379 3399
3380 3381
3381 3382
3381 3401
3382 3383
3383 3384
3383 3403
3384 3385
3385 3386
3385 3405
3386 3387
3387 3407
3388 3389
3388 3407
3388 3408
3389 3390
3390 3391
3390 3410
3391 3392
3392 3393
3392 3412
3393 3394
3394 3395
3394 3414
3395 3396
3396 3397
3396 3416
3397 3398
3398 3399
3398 3418
3399 3400
3400 3401
3400 3420
3401 3402
3402 3403
3402 3422
3403 3404
3404 3405
3404 3424
3405 3406
3406 3407
3406 3426
3408 3409
3408 3427
3409 3410
3409 3429
3410 3411
3411 3412
3411 3431
3412 3413
3413 3414
3413 3433
3414 3415
3415 3416
3415 3435
3416 3417
3417 3418
3417 3437
3418 3419
3419 3420
3419 3439
3420 3421
3421 3422
3421 3441
3422 3423
3423 3424
3423 3443
3424 3425
3425 3426
3425 3445
3426 3427
3427 3447
3428 3429
3428 3447
3428 3448
3429 3430
3430 3431
3430 3450
3431 3432
3432 3433
3432 3452
3433 3434
3434 3435
3434 3454
3435 3436
3436 3437
3436 3456
3437 3438
3438 3439
3438 3458
3439 3440
3440 3441
3440 3460
3441 3442
3442 3443
3442 3462
3443 3444
3444 3445
3444 3464
3445 3446
3446 3447
3446 3466
3448 3449
3448 3467
3449 3450
3449 3469
3450 3451
3451 3452
3451 3471
3452 3453
3453 3454
3453 3473
3454 3455
3455 3456
3455 3475
3456 3457
3457 3458
3457 3477
3458 3459
3459 3460
3459 3479
3460 3461
3461 3462
3461 3481
3462 3463
3463 3464
3463 3483
3464 3465
3465 3466
3465 3485
3466 3467
3467 3487
3468 3469
3468 3487
3468 3488
3469 3470
3470 3471
3470 3490
3471 3472
3472 3473
3472 3492
3473 3474
3474 3475
3474 3494
3475 3476
3476 3477
3476 3496
3477 3478
3478 3479
3478 3498
3479 3480
3480 3481
3480 3500
3481 3482
3482 3483
3482 3502
3483 3484
3484 3485
3484 3504
3485 3486
3486 3487
3486 3506
3488 3489
3488 3507
3489 3490
3489 3509
3490 3491
3491 3492
3491 3511
3492 3493
3493 3494
3493 3513
3494 3495
3495 3496
3495 3515
3496 3497
3497 3498
3497 3517
3498 3499
3499 3500
3499 3519
3500 3501
3501 3502
3501 3521
3502 3503
3503 3504
3503 3523
3504 3505
3505 3506
3505 3525
3506 3507
3507 3527
3508 3509
3508 3527
3508 3528
3509 3510
3510 3511
3510 3530
3511 3512
3512 3513
3512 3532
3513 3514
3514 3515
3514 3534
3515 3516
3516 3517
3516 3536
3517 3518
3518 3519
3518 3538
3519 3520
3520 3521
3520 3540
3521 3522
3522 3523
3522 3542
3523 3524
3524 3525
3524 3544
3525 3526
3526 3527
3526 3546
3528 3529
3528 3547
3529 3530
3529 3549
3530 3531
3531 3532
3531 3551
3532 3533
3533 3534
3533 3553
3534 3535
3535 3536
3535 3555
3536 3537
3537 3538
3537 3557
3538 3539
3539 3540
3539 3559
3540 3541
3541 3542
3541 3561
3542 3543
3543 3544
3543 3563
3544 3545
3545 3546
3545 3565
3546 3547
3547 3567
3548 3549
3548 3567
3548 3568
3549 3550
3550 3551
3550 3570
3551 3552
3552 3553
3552 3572
3553 3554
3554 3555
3554 3574
3555 3556
3556 3557
3556 3576
3557 3558
3558 3559
3558 3578
3559 3560
3560 3561
3560 3580
3561 3562
3562 3563
3562 3582
3563 3564
3564 3565
3564 3584
3565 3566
3566 3567
3566 3586
3568 3569
3568 3587
3569 3570
3569 3589
3570 3571
3571 3572
3571 3591
3572 3573
3573 3574
3573 3593
3574 3575
3575 3576
3575 3595
3576 3577
3577 3578
3577 3597
3578 3579
3579 3580
3579 3599
3580 3581
3581 3582
3581 3601
3582 3583
3583 3584
3583 3603
3584 3585
3585 3586
3585 3605
3586 3587
3587 3607
3588 3589
3588 3607
3588 3608
3589 3590
3590 3591
3590 3610
3591 3592
3592 3593
3592 3612
3593 3594
3594 3595
3594 3614
3595 3596
3596 3597
3596 3616
3597 3598
3598 3599
3598 3618
3599 3600
3600 3601
3600 3620
3601 3602
3602 3603
3602 3622
3603 3604
3604 3605
3604 3624
3605 3606
3606 3607
3606 3626
3608 3609
3608 3627
3609 3610
3609 3629
3610 3611
3611 3612
3611 3631
3612 3613
3613 3614
3613 3633
3614 3615
3615 3616
3615 3635
3616 3617
3617 3618
3617 3637
3618 3619
3619 3620
3619 3639
3620 3621
3621 3622
3621 3641
3622 3623
3623 3624
3623 3643
3624 3625
3625 3626
3625 3645
3626 3627
3627 3647
3628 3629
3628 3647
3628 3648
3629 3630
3630 3631
3630 3650
3631 3632
3632 3633
3632 3652
3633 3634
3634 3635
3634 3654
3635 3636
3636 3637
3636 3656
3637 3638
3638 3639
3638 3658
3639 3640
3640 3641
3640 3660
3641 3642
3642 3643
3642 3662
3643 3644
3644 3645
3644 3664
3645 3646
3646 3647
3646 3666
3648 3649
3648 3667
3649 3650
3649 3669
3650 3651
3651 3652
3651 3671
3652 3653
3653 3654
3653 3673
3654 3655
3655 3656
3655 3675
3656 3657
3657 3658
3657 3677
3658 3659
3659 3660
3659 3679
3660 3661
3661 3662
3661 3681
3662 3663
3663 3664
3663 3683
3664 3665
3665 3666
3665 3685
3666 3667
3667 3687
3668 3669
3668 3687
3668 3688
3669 3670
3670 3671
3670 3690
3671 3672
3672 3673
3672 3692
3673 3674
3674 3675
3674 3694
3675 3676
3676 3677
3676 3696
3677 3678
3678 3679
3678 3698
3679 3680
3680 3681
3680 3700
3681 3682
3682 3683
3682 3702
3683 3684
3684 3685
3684 3704
3685 3686
3686 3687
3686 3706
3688 3689
3688 3707
3689 3690
3689 3709
3690 3691
3691 3692
3691 3711
3692 3693
3693 3694
3693 3713
3694 3695
3695 3696
3695 3715
3696 3697
3697 3698
3697 3717
3698 3699
3699 3700
3699 3719
3700 3701
3701 3702
3701 3721
3702 3703
3703 3704
3703 3723
3704 3705
3705 3706
3705 3725
3706 3707
3707 3727
3708 3709
3708 3727
3708 3728
3709 3710
3710 3711
3710 3730
3711 3712
3712 3713
3712 3732
3713 3714
3714 3715
3714 3734
3715 3716
3716 3717
3716 3736
3717 3718
3718 3719
3718 3738
3719 3720
3720 3721
3720 3740
3721 3722
3722 3723
3722 3742
3723 3724
3724 3725
3724 3744
3725 3726
3726 3727
3726 3746
3728 3729
3728 3747
3729 3730
3729 3749
3730 3731
3731 3732
3731 3751
3732 3733
3733 3734
3733 3753
3734 3735
3735 3736
3735 3755
3736 3737
3737 3738
3737 3757
3738 3739
3739 3740
3739 3759
3740 3741
3741 3742
3741 3761
3742 3743
3743 3744
3743 3763
3744 3745
3745 3746
3745 3765
3746 3747
3747 3767
3748 3749
3748 3767
3748 3768
3749 3750
3750 3751
3750 3770
3751 3752
3752 3753
3752 3772
3753 3754
3754 3755
3754 3774
3755 3756
3756 3757
3756 3776
3757 3758
3758 3759
3758 3778
3759 3760
3760 3761
3760 3780
3761 3762
3762 3763
3762 3782
3763 3764
3764 3765
3764 3784
3765 3766
3766 3767
3766 3786
3768 3769
3768 3787
3769 3770
3769 3789
3770 3771
3771 3772
3771 3791
3772 3773
3773 3774
3773 3793
3774 3775
3775 3776
3775 3795
3776 3777
3777 3778
3777 3797
3778 3779
3779 3780
3779 3799
3780 3781
3781 3782
3781 3801
3782 3783
3783 3784
3783 3803
3784 3785
3785 3786
3785 3805
3786 3787
3787 3807
3788 3789
3788 3807
3788 3808
3789 3790
3790 3791
3790 3810
3791 3792
3792 3793
3792 3812
3793 3794
3794 3795
3794 3814
3795 3796
3796 3797
3796 3816
3797 3798
3798 3799
3798 3818
3799 3800
3800 3801
3800 3820
3801 3802
3802 3803
3802 3822
3803 3804
3804 3805
3804 3824
3805 3806
3806 3807
3806 3826
3808 3809
3808 3827
3809 3810
3809 3829
3810 3811
3811 3812
3811 3831
3812 3813
3813 3814
3813 3833
3814 3815
3815 3816
3815 3835
3816 3817
3817 3818
3817 3837
3818 3819
3819 3820
3819 3839
3820 3821
3821 3822
3821 3841
3822 3823
3823 3824
3823 3843
3824 3825
3825 3826
3825 3845
3826 3827
3827 3847
3828 3829
3828 3847
3828 3848
3829 3830
3830 3831
3830 3850
3831 3832
3832 3833
3832 3852
3833 3834
3834 3835
3834 3854
3835 3836
3836 3837
3836 3856
3837 3838
3838 3839
3838 3858
3839 3840
3840 3841
3840 3860
3841 3842
3842 3843
3842 3862
3843 3844
3844 3845
3844 3864
3845 3846
3846 3847
3846 3866
3848 3849
3848 3867
3849 3850
3849 3869
3850 3851
3851 3852
3851 3871
3852 3853
3853 3854
3853 3873
3854 3855
3855 3856
3855 3875
3856 3857
3857 3858
3857 3877
3858 3859
3859 3860
3859 3879
3860 3861
3861 3862
3861 3881
3862 3863
3863 3864
3863 3883
3864 3865
3865 3866
3865 3885
3866 3867
3867 3887
3868 3869
3868 3887
3869 3870
3870 3871
3871 3872
3872 3873
3873 3874
3874 3875
3875 3876
3876 3877
3877 3878
3878 3879
3879 3880
3880 3881
3881 3882
3882 3883
3883 3884
3884 3885
3885 3886
3886 3887
3888 3889
3888 3945
3888 4178
3889 3890
3889 3947
3890 3891
3890 4180
3891 3892
3891 3949
3892 3893
3892 4182
3893 3894
3893 3951
3894 3895
3894 4184
3895 3896
3895 3953
3896 3897
3896 4186
3897 3898
3897 3955
3898 3899
3898 4188
3899 3900
3899 3957
3900 3901
3900 4190
3901 3902
3901 3959
3902 3903
3902 4192
3903 3904
3903 3961
3904 3905
3904 4194
3905 3906
3905 3963
3906 3907
3906 4196
3907 3908
3907 3965
3908 3909
3908 4198
3909 3910
3909 3967
3910 3911
3910 4200
3911 3912
3911 3969
3912 3913
3912 4202
3913 3914
3913 3971
3914 3915
3914 4204
3915 3916
3915 3973
3916 3917
3916 4206
3917 3918
3917 3975
3918 3919
3918 4208
3919 3920
3919 3977
3920 3921
3920 4210
3921 3922
3921 3979
3922 3923
3922 4212
3923 3924
3923 3981
3924 3925
3924 4214
3925 3926
3925 3983
3926 3927
3926 4216
3927 3928
3927 3985
3928 3929
3928 4218
3929 3930
3929 3987
3930 3931
3930 4220
3931 3932
3931 3989
3932 3933
3932 4222
3933 3934
3933 3991
3934 3935
3934 4224
3935 3936
3935 3993
3936 3937
3936 4226
3937 3938
3937 3995
3938 3939
3938 4228
3939 3940
3939 3997
3940 3941
3940 4230
3941 3942
3941 3999
3942 3943
3942 4232
3943 3944
3943 4001
3944 3945
3944 4234
3945 4003
3946 3947
3946 4003
3946 4004
3947 3948
3948 3949
3948 4006
3949 3950
3950 3951
3950 4008
3951 3952
3952 3953
3952 4010
3953 3954
3954 3955
3954 4012
3955 3956
3956 3957
3956 4014
3957 3958
3958 3959
3958 4016
3959 3960
3960 3961
3960 4018
3961 3962
3962 3963
3962 4020
3963 3964
3964 3965
3964 4022
3965 3966
3966 3967
3966 4024
3967 3968
3968 3969
3968 4026
3969 3970
3970 3971
3970 4028
3971 3972
3972 3973
3972 4030
3973 3974
3974 3975
3974 4032
3975 3976
3976 3977
3976 4034
3977 3978
3978 3979
3978 4036
3979 3980
3980 3981
3980 4038
3981 3982
3982 3983
3982 4040
3983 3984
3984 3985
3984 4042
3985 3986
3986 3987
3986 4044
3987 3988
3988 3989
3988 4046
3989 3990
3990 3991
3990 4048
3991 3992
3992 3993
3992 4050
3993 3994
3994 3995
3994 4052
3995 3996
3996 3997
3996 4054
3997 3998
3998 3999
3998 4056
3999 4000
4000 4001
4000 4058
4001 4002
4002 4003
4002 4060
4004 4005
4004 4061
4005 4006
4005 4063
4006 4007
4007 4008
4007 4065
4008 4009
4009 4010
4009 4067
4010 4011
4011 4012
4011 4069
4012 4013
4013 4014
4013 4071
4014 4015
4015 4016
4015 4073
4016 4017
4017 4018
4017 4075
4018 4019
4019 4020
4019 4077
4020 4021
4021 4022
4021 4079
4022 4023
4023 4024
4023 4081
4024 4025
4025 4026
4025 4083
4026 4027
4027 4028
4027 4085
4028 4029
4029 4030
4029 4087
4030 4031
4031 4032
4031 4089
4032 4033
4033 4034
4033 4091
4034 4035
4035 4036
4035 4093
4036 4037
4037 4038
4037 4095
4038 4039
4039 4040
4039 4097
4040 4041
4041 4042
4041 4099
4042 4043
4043 4044
4043 4101
4044 4045
4045 4046
4045 4103
4046 4047
4047 4048
4047 4105
4048 4049
4049 4050
4049 4107
4050 4051
4051 4052
4051 4109
4052 4053
4053 4054
4053 4111
4054 4055
4055 4056
4055 4113
4056 4057
4057 4058
4057 4115
4058 4059
4059 4060
4059 4117
4060 4061
4061 4119
4062 4063
4062 4119
4062 4120
4063 4064
4064 4065
4064 4122
4065 4066
4066 4067
4066 4124
4067 4068
4068 4069
4068 4126
4069 4070
4070 4071
4070 4128
4071 4072
4072 4073
4072 4130
4073 4074
4074 4075
4074 4132
4075 4076
4076 4077
4076 4134
4077 4078
4078 4079
4078 4136
4079 4080
4080 4081
4080 4138
4081 4082
4082 4083
4082 4140
4083 4084
4084 4085
4084 4142
4085 4086
4086 4087
4086 4144
4087 4088
4088 4089
4088 4146
4089 4090
4090 4091
4090 4148
4091 4092
4092 4093
4092 4150
4093 4094
4094 4095
4094 4152
4095 4096
4096 4097
4096 4154
4097 4098
4098 4099
4098 4156
4099 4100
4100 4101
4100 4158
4101 4102
4102 4103
4102 4160
4103 4104
4104 4105
4104 4162
4105 4106
4106 4107
4106 4164
4107 4108
4108 4109
4108 4166
4109 4110
4110 4111
4110 4168
4111 4112
4112 4113
4112 4170
4113 4114
4114 4115
4114 4172
4115 4116
4116 4117
4116 4174
4117 4118
4118 4119
4118 4176
4120 4121
4120 4177
4121 4122
4121 4179
4122 4123
4123 4124
4123 4181
4124 4125
4125 4126
4125 4183
4126 4127
4127 4128
4127 4185
4128 4129
4129 4130
4129 4187
4130 4131
4131 4132
4131 4189
4132 4133
4133 4134
4133 4191
4134 4135
4135 4136
4135 4193
4136 4137
4137 4138
4137 4195
4138 4139
4139 4140
4139 4197
4140 4141
4141 4142
4141 4199
4142 4143
4143 4144
4143 4201
4144 4145
4145 4146
4145 4203
4146 4147
4147 4148
4147 4205
4148 4149
4149 4150
4149 4207
4150 4151
4151 4152
4151 4209
4152 4153
4153 4154
4153 4211
4154 4155
4155 4156
4155 4213
4156 4157
4157 4158
4157 4215
4158 4159
4159 4160
4159 4217
4160 4161
4161 4162
4161 4219
4162 4163
4163 4164
4163 4221
4164 4165
4165 4166
4165 4223
4166 4167
4167 4168
4167 4225
4168 4169
4169 4170
4169 4227
4170 4171
4171 4172
4171 4229
4172 4173
4173 4174
4173 4231
4174 4175
4175 4176
4175 4233
4176 4177
4177 4235
4178 4179
4178 4235
4179 4180
4180 4181
4181 4182
4182 4183
4183 4184
4184 4185
4185 4186
4186 4187
4187 4188
4188 4189
4189 4190
4190 4191
4191 4192
4192 4193
4193 4194
4194 4195
4195 4196
4196 4197
4197 4198
4198 4199
4199 4200
4200 4201
4201 4202
4202 4203
4203 4204
4204 4205
4205 4206
4206 4207
4207 4208
4208 4209
4209 4210
4210 4211
4211 4212
4212 4213
4213 4214
4214 4215
4215 4216
4216 4217
4217 4218
4218 4219
4219 4220
4220 4221
4221 4222
4222 4223
4223 4224
4224 4225
4225 4226
4226 4227
4227 4228
4228 4229
4229 4230
4230 4231
4231 4232
4232 4233
4233 4234
4234 4235
4236 4237
4236 4311
4236 6288
4237 4238
4237 4313
4238 4239
4238 6290
4239 4240
4239 4315
4240 4241
4240 6292
4241 4242
4241 4317
4242 4243
4242 6294
4243 4244
4243 4319
4244 4245
4244 6296
4245 4246
4245 4321
4246 4247
4246 6298
4247 4248
4247 4323
4248 4249
4248 6300
4249 4250
4249 4325
4250 4251
4250 6302
4251 4252
4251 4327
4252 4253
4252 6304
4253 4254
4253 4329
4254 4255
4254 6306
4255 4256
4255 4331
4256 4257
4256 6308
4257 4258
4257 4333
4258 4259
4258 6310
4259 4260
4259 4335
4260 4261
4260 6312
4261 4262
4261 4337
4262 4263
4262 6314
4263 4264
4263 4339
4264 4265
4264 6316
4265 4266
4265 4341
4266 4267
4266 6318
4267 4268
4267 4343
4268 4269
4268 6320
4269 4270
4269 4345
4270 4271
4270 6322
4271 4272
4271 4347
4272 4273
4272 6324
4273 4274
4273 4349
4274 4275
4274 6326
4275 4276
4275 4351
4276 4277
4276 6328
4277 4278
4277 4353
4278 4279
4278 6330
4279 4280
4279 4355
4280 4281
4280 6332
4281 4282
4281 4357
4282 4283
4282 6334
4283 4284
4283 4359
4284 4285
4284 6336
4285 4286
4285 4361
4286 4287
4286 6338
4287 4288
4287 4363
4288 4289
4288 6340
4289 4290
4289 4365
4290 4291
4290 6342
4291 4292
4291 4367
4292 4293
4292 6344
4293 4294
4293 4369
4294 4295
4294 6346
4295 4296
4295 4371
4296 4297
4296 6348
4297 4298
4297 4373
4298 4299
4298 6350
4299 4300
4299 4375
4300 4301
4300 6352
4301 4302
4301 4377
4302 4303
4302 6354
4303 4304
4303 4379
4304 4305
4304 6356
4305 4306
4305 4381
4306 4307
4306 6358
4307 4308
4307 4383
4308 4309
4308 6360
4309 4310
4309 4385
4310 4311
4310 6362
4311 4387
4312 4313
4312 4387
4312 4388
4313 4314
4314 4315
4314 4390
4315 4316
4316 4317
4316 4392
4317 4318
4318 4319
4318 4394
4319 4320
4320 4321
4320 4396
4321 4322
4322 4323
4322 4398
4323 4324
4324 4325
4324 4400
4325 4326
4326 4327
4326 4402
4327 4328
4328 4329
4328 4404
4329 4330
4330 4331
4330 4406
4331 4332
4332 4333
4332 4408
4333 4334
4334 4335
4334 4410
4335 4336
4336 4337
4336 4412
4337 4338
4338 4339
4338 4414
4339 4340
4340 4341
4340 4416
4341 4342
4342 4343
4342 4418
4343 4344
4344 4345
4344 4420
4345 4346
4346 4347
4346 4422
4347 4348
4348 4349
4348 4424
4349 4350
4350 4351
4350 4426
4351 4352
4352 4353
4352 4428
4353 4354
4354 4355
4354 4430
4355 4356
4356 4357
4356 4432
4357 4358
4358 4359
4358 4434
4359 4360
4360 4361
4360 4436
4361 4362
4362 4363
4362 4438
4363 4364
4364 4365
4364 4440
4365 4366
4366 4367
4366 4442
4367 4368
4368 4369
4368 4444
4369 4370
4370 4371
4370 4446
4371 4372
4372 4373
4372 4448
4373 4374
4374 4375
4374 4450
4375 4376
4376 4377
4376 4452
4377 4378
4378 4379
4378 4454
4379 4380
4380 4381
4380 4456
4381 4382
4382 4383
4382 4458
4383 4384
4384 4385
4384 4460
4385 4386
4386 4387
4386 4462
4388 4389
4388 4463
4389 4390
4389 4465
4390 4391
4391 4392
4391 4467
4392 4393
4393 4394
4393 4469
4394 4395
4395 4396
4395 4471
4396 4397
4397 4398
4397 4473
4398 4399
4399 4400
4399 4475
4400 4401
4401 4402
4401 4477
4402 4403
4403 4404
4403 4479
4404 4405
4405 4406
4405 4481
4406 4407
4407 4408
4407 4483
4408 4409
4409 4410
4409 4485
4410 4411
4411 4412
4411 4487
4412 4413
4413 4414
4413 4489
4414 4415
4415 4416
4415 4491
4416 4417
4417 4418
4417 4493
4418 4419
4419 4420
4419 4495
4420 4421
4421 4422
4421 4497
4422 4423
4423 4424
4423 4499
4424 4425
4425 4426
4425 4501
4426 4427
4427 4428
4427 4503
4428 4429
4429 4430
4429 4505
4430 4431
4431 4432
4431 4507
4432 4433
4433 4434
4433 4509
4434 4435
4435 4436
4435 4511
4436 4437
4437 4438
4437 4513
4438 4439
4439 4440
4439 4515
4440 4441
4441 4442
4441 4517
4442 4443
4443 4444
4443 4519
4444 4445
4445 4446
4445 4521
4446 4447
4447 4448
4447 4523
4448 4449
4449 4450
4449 4525
4450 4451
4451 4452
4451 4527
4452 4453
4453 4454
4453 4529
4454 4455
4455 4456
4455 4531
4456 4457
4457 4458
4457 4533
4458 4459
4459 4460
4459 4535
4460 4461
4461 4462
4461 4537
4462 4463
4463 4539
4464 4465
4464 4539
4464 4540
4465 4466
4466 4467
4466 4542
4467 4468
4468 4469
4468 4544
4469 4470
4470 4471
4470 4546
4471 4472
4472 4473
4472 4548
4473 4474
4474 4475
4474 4550
4475 4476
4476 4477
4476 4552
4477 4478
4478 4479
4478 4554
4479 4480
4480 4481
4480 4556
4481 4482
4482 4483
4482 4558
4483 4484
4484 4485
4484 4560
4485 4486
4486 4487
4486 4562
4487 4488
4488 4489
4488 4564
4489 4490
4490 4491
4490 4566
4491 4492
4492 4493
4492 4568
4493 4494
4494 4495
4494 4570
4495 4496
4496 4497
4496 4572
4497 4498
4498 4499
4498 4574
4499 4500
4500 4501
4500 4576
4501 4502
4502 4503
4502 4578
4503 4504
4504 4505
4504 4580
4505 4506
4506 4507
4506 4582
4507 4508
4508 4509
4508 4584
4509 4510
4510 4511
4510 4586
4511 4512
4512 4513
4512 4588
4513 4514
4514 4515
4514 4590
4515 4516
4516 4517
4516 4592
4517 4518
4518 4519
4518 4594
4519 4520
4520 4521
4520 4596
4521 4522
4522 4523
4522 4598
4523 4524
4524 4525
4524 4600
4525 4526
4526 4527
4526 4602
4527 4528
4528 4529
4528 4604
4529 4530
4530 4531
4530 4606
4531 4532
4532 4533
4532 4608
4533 4534
4534 4535
4534 4610
4535 4536
4536 4537
4536 4612
4537 4538
4538 4539
4538 4614
4540 4541
4540 4615
4541 4542
4541 4617
4542 4543
4543 4544
4543 4619
4544 4545
4545 4546
4545 4621
4546 4547
4547 4548
4547 4623
4548 4549
4549 4550
4549 4625
4550 4551
4551 4552
4551 4627
4552 4553
4553 4554
4553 4629
4554 4555
4555 4556
4555 4631
4556 4557
4557 4558
4557 4633
4558 4559
4559 4560
4559 4635
4560 4561
4561 4562
4561 4637
4562 4563
4563 4564
4563 4639
4564 4565
4565 4566
4565 4641
4566 4567
4567 4568
4567 4643
4568 4569
4569 4570
4569 4645
4570 4571
4571 4572
4571 4647
4572 4573
4573 4574
4573 4649
4574 4575
4575 4576
4575 4651
4576 4577
4577 4578
4577 4653
4578 4579
4579 4580
4579 4655
4580 4581
4581 4582
4581 4657
4582 4583
4583 4584
4583 4659
4584 4585
4585 4586
4585 4661
4586 4587
4587 4588
4587 4663
4588 4589
4589 4590
4589 4665
4590 4591
4591 4592
4591 4667
4592 4593
4593 4594
4593 4669
4594 4595
4595 4596
4595 4671
4596 4597
4597 4598
4597 4673
4598 4599
4599 4600
4599 4675
4600 4601
4601 4602
4601 4677
4602 4603
4603 4604
4603 4679
4604 4605
4605 4606
4605 4681
4606 4607
4607 4608
4607 4683
4608 4609
4609 4610
4609 4685
4610 4611
4611 4612
4611 4687
4612 4613
4613 4614
4613 4689
4614 4615
4615 4691
4616 4617
4616 4691
4616 4692
4617 4618
4618 4619
4618 4694
4619 4620
4620 4621
4620 4696
4621 4622
4622 4623
4622 4698
4623 4624
4624 4625
4624 4700
4625 4626
4626 4627
4626 4702
4627 4628
4628 4629
4628 4704
4629 4630
4630 4631
4630 4706
4631 4632
4632 4633
4632 4708
4633 4634
4634 4635
4634 4710
4635 4636
4636 4637
4636 4712
4637 4638
4638 4639
4638 4714
4639 4640
4640 4641
4640 4716
4641 4642
4642 4643
4642 4718
4643 4644
4644 4645
4644 4720
4645 4646
4646 4647
4646 4722
4647 4648
4648 4649
4648 4724
4649 4650
4650 4651
4650 4726
4651 4652
4652 4653
4652 4728
4653 4654
4654 4655
4654 4730
4655 4656
4656 4657
4656 4732
4657 4658
4658 4659
4658 4734
4659 4660
4660 4661
4660 4736
4661 4662
4662 4663
4662 4738
4663 4664
4664 4665
4664 4740
4665 4666
4666 4667
4666 4742
4667 4668
4668 4669
4668 4744
4669 4670
4670 4671
4670 4746
4671 4672
4672 4673
4672 4748
4673 4674
4674 4675
4674 4750
4675 4676
4676 4677
4676 4752
4677 4678
4678 4679
4678 4754
4679 4680
4680 4681
4680 4756
4681 4682
4682 4683
4682 4758
4683 4684
4684 4685
4684 4760
4685 4686
4686 4687
4686 4762
4687 4688
4688 4689
4688 4764
4689 4690
4690 4691
4690 4766
4692 4693
4692 4767
4693 4694
4693 4769
4694 4695
4695 4696
4695 4771
4696 4697
4697 4698
4697 4773
4698 4699
4699 4700
4699 4775
4700 4701
4701 4702
4701 4777
4702 4703
4703 4704
4703 4779
4704 4705
4705 4706
4705 4781
4706 4707
4707 4708
4707 4783
4708 4709
4709 4710
4709 4785
4710 4711
4711 4712
4711 4787
4712 4713
4713 4714
4713 4789
4714 4715
4715 4716
4715 4791
4716 4717
4717 4718
4717 4793
4718 4719
4719 4720
4719 4795
4720 4721
4721 4722
4721 4797
4722 4723
4723 4724
4723 4799
4724 4725
4725 4726
4725 4801
4726 4727
4727 4728
4727 4803
4728 4729
4729 4730
4729 4805
4730 4731
4731 4732
4731 4807
4732 4733
4733 4734
4733 4809
4734 4735
4735 4736
4735 4811
4736 4737
4737 4738
4737 4813
4738 4739
4739 4740
4739 4815
4740 4741
4741 4742
4741 4817
4742 4743
4743 4744
4743 4819
4744 4745
4745 4746
4745 4821
4746 4747
4747 4748
4747 4823
4748 4749
4749 4750
4749 4825
4750 4751
4751 4752
4751 4827
4752 4753
4753 4754
4753 4829
4754 4755
4755 4756
4755 4831
4756 4757
4757 4758
4757 4833
4758 4759
4759 4760
4759 4835
4760 4761
4761 4762
4761 4837
4762 4763
4763 4764
4763 4839
4764 4765
4765 4766
4765 4841
4766 4767
4767 4843
4768 4769
4768 4843
4768 4844
4769 4770
4770 4771
4770 4846
4771 4772
4772 4773
4772 4848
4773 4774
4774 4775
4774 4850
4775 4776
4776 4777
4776 4852
4777 4778
4778 4779
4778 4854
4779 4780
4780 4781
4780 4856
4781 4782
4782 4783
4782 4858
4783 4784
4784 4785
4784 4860
4785 4786
4786 4787
4786 4862
4787 4788
4788 4789
4788 4864
4789 4790
4790 4791
4790 4866
4791 4792
4792 4793
4792 4868
4793 4794
4794 4795
4794 4870
4795 4796
4796 4797
4796 4872
4797 4798
4798 4799
4798 4874
4799 4800
4800 4801
4800 4876
4801 4802
4802 4803
4802 4878
4803 4804
4804 4805
4804 4880
4805 4806
4806 4807
4806 4882
4807 4808
4808 4809
4808 4884
4809 4810
4810 4811
4810 4886
4811 4812
4812 4813
4812 4888
4813 4814
4814 4815
4814 4890
4815 4816
4816 4817
4816 4892
4817 4818
4818 4819
4818 4894
4819 4820
4820 4821
4820 4896
4821 4822
4822 4823
4822 4898
4823 4824
4824 4825
4824 4900
4825 4826
4826 4827
4826 4902
4827 4828
4828 4829
4828 4904
4829 4830
4830 4831
4830 4906
4831 4832
4832 4833
4832 4908
4833 4834
4834 4835
4834 4910
4835 4836
4836 4837
4836 4912
4837 4838
4838 4839
4838 4914
4839 4840
4840 4841
4840 4916
4841 4842
4842 4843
4842 4918
4844 4845
4844 4919
4845 4846
4845 4921
4846 4847
4847 4848
4847 4923
4848 4849
4849 4850
4849 4925
4850 4851
4851 4852
4851 4927
4852 4853
4853 4854
4853 4929
4854 4855
4855 4856
4855 4931
4856 4857
4857 4858
4857 4933
4858 4859
4859 4860
4859 4935
4860 4861
4861 4862
4861 4937
4862 4863
4863 4864
4863 4939
4864 4865
4865 4866
4865 4941
4866 4867
4867 4868
4867 4943
4868 4869
4869 4870
4869 4945
4870 4871
4871 4872
4871 4947
4872 4873
4873 4874
4873 4949
4874 4875
4875 4876
4875 4951
4876 4877
4877 4878
4877 4953
4878 4879
4879 4880
4879 4955
4880 4881
4881 4882
4881 4957
4882 4883
4883 4884
4883 4959
4884 4885
4885 4886
4885 4961
4886 4887
4887 4888
4887 4963
4888 4889
4889 4890
4889 4965
4890 4891
4891 4892
4891 4967
4892 4893
4893 4894
4893 4969
4894 4895
4895 4896
4895 4971
4896 4897
4897 4898
4897 4973
4898 4899
4899 4900
4899 4975
4900 4901
4901 4902
4901 4977
4902 4903
4903 4904
4903 4979
4904 4905
4905 4906
4905 4981
4906 4907
4907 4908
4907 4983
4908 4909
4909 4910
4909 4985
4910 4911
4911 4912
4911 4987
4912 4913
4913 4914
4913 4989
4914 4915
4915 4916
4915 4991
4916 4917
4917 4918
4917 4993
4918 4919
4919 4995
4920 4921
4920 4995
4920 4996
4921 4922
4922 4923
4922 4998
4923 4924
4924 4925
4924 5000
4925 4926
4926 4927
4926 5002
4927 4928
4928 4929
4928 5004
4929 4930
4930 4931
4930 5006
4931 4932
4932 4933
4932 5008
4933 4934
4934 4935
4934 5010
4935 4936
4936 4937
4936 5012
4937 4938
4938 4939
4938 5014
4939 4940
4940 4941
4940 5016
4941 4942
4942 4943
4942 5018
4943 4944
4944 4945
4944 5020
4945 4946
4946 4947
4946 5022
4947 4948
4948 4949
4948 5024
4949 4950
4950 4951
4950 5026
4951 4952
4952 4953
4952 5028
4953 4954
4954 4955
4954 5030
4955 4956
4956 4957
4956 5032
4957 4958
4958 4959
4958 5034
4959 4960
4960 4961
4960 5036
4961 4962
4962 4963
4962 5038
4963 4964
4964 4965
4964 5040
4965 4966
4966 4967
4966 5042
4967 4968
4968 4969
4968 5044
4969 4970
4970 4971
4970 5046
4971 4972
4972 4973
4972 5048
4973 4974
4974 4975
4974 5050
4975 4976
4976 4977
4976 5052
4977 4978
4978 4979
4978 5054
4979 4980
4980 4981
4980 5056
4981 4982
4982 4983
4982 5058
4983 4984
4984 4985
4984 5060
4985 4986
4986 4987
4986 5062
4987 4988
4988 4989
4988 5064
4989 4990
4990 4991
4990 5066
4991 4992
4992 4993
4992 5068
4993 4994
4994 4995
4994 5070
4996 4997
4996 5071
4997 4998
4997 5073
4998 4999
4999 5000
4999 5075
5000 5001
5001 5002
5001 5077
5002 5003
5003 5004
5003 5079
5004 5005
5005 5006
5005 5081
5006 5007
5007 5008
5007 5083
5008 5009
5009 5010
5009 5085
5010 5011
5011 5012
5011 5087
5012 5013
5013 5014
5013 5089
5014 5015
5015 5016
5015 5091
5016 5017
5017 5018
5017 5093
5018 5019
5019 5020
5019 5095
5020 5021
5021 5022
5021 5097
5022 5023
5023 5024
5023 5099
5024 5025
5025 5026
5025 5101
5026 5027
5027 5028
5027 5103
5028 5029
5029 5030
5029 5105
5030 5031
5031 5032
5031 5107
5032 5033
5033 5034
5033 5109
5034 5035
5035 5036
5035 5111
5036 5037
5037 5038
5037 5113
5038 5039
5039 5040
5039 5115
5040 5041
5041 5042
5041 5117
5042 5043
5043 5044
5043 5119
5044 5045
5045 5046
5045 5121
5046 5047
5047 5048
5047 5123
5048 5049
5049 5050
5049 5125
5050 5051
5051 5052
5051 5127
5052 5053
5053 5054
5053 5129
5054 5055
5055 5056
5055 5131
5056 5057
5057 5058
5057 5133
5058 5059
5059 5060
5059 5135
5060 5061
5061 5062
5061 5137
5062 5063
5063 5064
5063 5139
5064 5065
5065 5066
5065 5141
5066 5067
5067 5068
5067 5143
5068 5069
5069 5070
5069 5145
5070 5071
5071 5147
5072 5073
5072 5147
5072 5148
5073 5074
5074 5075
5074 5150
5075 5076
5076 5077
5076 5152
5077 5078
5078 5079
5078 5154
5079 5080
5080 5081
5080 5156
5081 5082
5082 5083
5082 5158
5083 5084
5084 5085
5084 5160
5085 5086
5086 5087
5086 5162
5087 5088
5088 5089
5088 5164
5089 5090
5090 5091
5090 5166
5091 5092
5092 5093
5092 5168
5093 5094
5094 5095
5094 5170
5095 5096
5096 5097
5096 5172
5097 5098
5098 5099
5098 5174
5099 5100
5100 5101
5100 5176
5101 5102
5102 5103
5102 5178
5103 5104
5104 5105
5104 5180
5105 5106
5106 5107
5106 5182
5107 5108
5108 5109
5108 5184
5109 5110
5110 5111
5110 5186
5111 5112
5112 5113
5112 5188
5113 5114
5114 5115
5114 5190
5115 5116
5116 5117
5116 5192
5117 5118
5118 5119
5118 5194
5119 5120
5120 5121
5120 5196
5121 5122
5122 5123
5122 5198
5123 5124
5124 5125
5124 5200
5125 5126
5126 5127
5126 5202
5127 5128
5128 5129
5128 5204
5129 5130
5130 5131
5130 5206
5131 5132
5132 5133
5132 5208
5133 5134
5134 5135
5134 5210
5135 5136
5136 5137
5136 5212
5137 5138
5138 5139
5138 5214
5139 5140
5140 5141
5140 5216
5141 5142
5142 5143
5142 5218
5143 5144
5144 5145
5144 5220
5145 5146
5146 5147
5146 5222
5148 5149
5148 5223
5149 5150
5149 5225
5150 5151
5151 5152
5151 5227
5152 5153
5153 5154
5153 5229
5154 5155
5155 5156
5155 5231
5156 5157
5157 5158
5157 5233
5158 5159
5159 5160
5159 5235
5160 5161
5161 5162
5161 5237
5162 5163
5163 5164
5163 5239
5164 5165
5165 5166
5165 5241
5166 5167
5167 5168
5167 5243
5168 5169
5169 5170
5169 5245
5170 5171
5171 5172
5171 5247
5172 5173
5173 5174
5173 5249
5174 5175
5175 5176
5175 5251
5176 5177
5177 5178
5177 5253
5178 5179
5179 5180
5179 5255
5180 5181
5181 5182
5181 5257
5182 5183
5183 5184
5183 5259
5184 5185
5185 5186
5185 5261
5186 5187
5187 5188
5187 5263
5188 5189
5189 5190
5189 5265
5190 5191
5191 5192
5191 5267
5192 5193
5193 5194
5193 5269
5194 5195
5195 5196
5195 5271
5196 5197
5197 5198
5197 5273
5198 5199
5199 5200
5199 5275
5200 5201
5201 5202
5201 5277
5202 5203
5203 5204
5203 5279
5204 5205
5205 5206
5205 5281
5206 5207
5207 5208
5207 5283
5208 5209
5209 5210
5209 5285
5210 5211
5211 5212
5211 5287
5212 5213
5213 5214
5213 5289
5214 5215
5215 5216
5215 5291
5216 5217
5217 5218
5217 5293
5218 5219
5219 5220
5219 5295
5220 5221
5221 5222
5221 5297
5222 5223
5223 5299
5224 5225
5224 5299
5224 5300
5225 5226
5226 5227
5226 5302
5227 5228
5228 5229
5228 5304
5229 5230
5230 5231
5230 5306
5231 5232
5232 5233
5232 5308
5233 5234
5234 5235
5234 5310
5235 5236
5236 5237
5236 5312
5237 5238
5238 5239
5238 5314
5239 5240
5240 5241
5240 5316
5241 5242
5242 5243
5242 5318
5243 5244
5244 5245
5244 5320
5245 5246
5246 5247
5246 5322
5247 5248
5248 5249
5248 5324
5249 5250
5250 5251
5250 5326
5251 5252
5252 5253
5252 5328
5253 5254
5254 5255
5254 5330
5255 5256
5256 5257
5256 5332
5257 5258
5258 5259
5258 5334
5259 5260
5260 5261
5260 5336
5261 5262
5262 5263
5262 5338
5263 5264
5264 5265
5264 5340
5265 5266
5266 5267
5266 5342
5267 5268
5268 5269
5268 5344
5269 5270
5270 5271
5270 5346
5271 5272
5272 5273
5272 5348
5273 5274
5274 5275
5274 5350
5275 5276
5276 5277
5276 5352
5277 5278
5278 5279
5278 5354
5279 5280
5280 5281
5280 5356
5281 5282
5282 5283
5282 5358
5283 5284
5284 5285
5284 5360
5285 5286
5286 5287
5286 5362
5287 5288
5288 5289
5288 5364
5289 5290
5290 5291
5290 5366
5291 5292
5292 5293
5292 5368
5293 5294
5294 5295
5294 5370
5295 5296
5296 5297
5296 5372
5297 5298
5298 5299
5298 5374
5300 5301
5300 5375
5301 5302
5301 5377
5302 5303
5303 5304
5303 5379
5304 5305
5305 5306
5305 5381
5306 5307
5307 5308
5307 5383
5308 5309
5309 5310
5309 5385
5310 5311
5311 5312
5311 5387
5312 5313
5313 5314
5313 5389
5314 5315
5315 5316
5315 5391
5316 5317
5317 5318
5317 5393
5318 5319
5319 5320
5319 5395
5320 5321
5321 5322
5321 5397
5322 5323
5323 5324
5323 5399
5324 5325
5325 5326
5325 5401
5326 5327
5327 5328
5327 5403
5328 5329
5329 5330
5329 5405
5330 5331
5331 5332
5331 5407
5332 5333
5333 5334
5333 5409
5334 5335
5335 5336
5335 5411
5336 5337
5337 5338
5337 5413
5338 5339
5339 5340
5339 5415
5340 5341
5341 5342
5341 5417
5342 5343
5343 5344
5343 5419
5344 5345
5345 5346
5345 5421
5346 5347
5347 5348
5347 5423
5348 5349
5349 5350
5349 5425
5350 5351
5351 5352
5351 5427
5352 5353
5353 5354
5353 5429
5354 5355
5355 5356
5355 5431
5356 5357
5357 5358
5357 5433
5358 5359
5359 5360
5359 5435
5360 5361
5361 5362
5361 5437
5362 5363
5363 5364
5363 5439
5364 5365
5365 5366
5365 5441
5366 5367
5367 5368
5367 5443
5368 5369
5369 5370
5369 5445
5370 5371
5371 5372
5371 5447
5372 5373
5373 5374
5373 5449
5374 5375
5375 5451
5376 5377
5376 5451
5376 5452
5377 5378
5378 5379
5378 5454
5379 5380
5380 5381
5380 5456
5381 5382
5382 5383
5382 5458
5383 5384
5384 5385
5384 5460
5385 5386
5386 5387
5386 5462
5387 5388
5388 5389
5388 5464
5389 5390
5390 5391
5390 5466
5391 5392
5392 5393
5392 5468
5393 5394
5394 5395
5394 5470
5395 5396
5396 5397
5396 5472
5397 5398
5398 5399
5398 5474
5399 5400
5400 5401
5400 5476
5401 5402
5402 5403
5402 5478
5403 5404
5404 5405
5404 5480
5405 5406
5406 5407
5406 5482
5407 5408
5408 5409
5408 5484
5409 5410
5410 5411
5410 5486
5411 5412
5412 5413
5412 5488
5413 5414
5414 5415
5414 5490
5415 5416
5416 5417
5416 5492
5417 5418
5418 5419
5418 5494
5419 5420
5420 5421
5420 5496
5421 5422
5422 5423
5422 5498
5423 5424
5424 5425
5424 5500
5425 5426
5426 5427
5426 5502
5427 5428
5428 5429
5428 5504
5429 5430
5430 5431
5430 5506
5431 5432
5432 5433
5432 5508
5433 5434
5434 5435
5434 5510
5435 5436
5436 5437
5436 5512
5437 5438
5438 5439
5438 5514
5439 5440
5440 5441
5440 5516
5441 5442
5442 5443
5442 5518
5443 5444
5444 5445
5444 5520
5445 5446
5446 5447
5446 5522
5447 5448
5448 5449
5448 5524
5449 5450
5450 5451
5450 5526
5452 5453
5452 5527
5453 5454
5453 5529
5454 5455
5455 5456
5455 5531
5456 5457
5457 5458
5457 5533
5458 5459
5459 5460
5459 5535
5460 5461
5461 5462
5461 5537
5462 5463
5463 5464
5463 5539
5464 5465
5465 5466
5465 5541
5466 5467
5467 5468
5467 5543
5468 5469
5469 5470
5469 5545
5470 5471
5471 5472
5471 5547
5472 5473
5473 5474
5473 5549
5474 5475
5475 5476
5475 5551
5476 5477
5477 5478
5477 5553
5478 5479
5479 5480
5479 5555
5480 5481
5481 5482
5481 5557
5482 5483
5483 5484
5483 5559
5484 5485
5485 5486
5485 5561
5486 5487
5487 5488
5487 5563
5488 5489
5489 5490
5489 5565
5490 5491
5491 5492
5491 5567
5492 5493
5493 5494
5493 5569
5494 5495
5495 5496
5495 5571
5496 5497
5497 5498
5497 5573
5498 5499
5499 5500
5499 5575
5500 5501
5501 5502
5501 5577
5502 5503
5503 5504
5503 5579
5504 5505
5505 5506
5505 5581
5506 5507
5507 5508
5507 5583
5508 5509
5509 5510
5509 5585
5510 5511
5511 5512
5511 5587
5512 5513
5513 5514
5513 5589
5514 5515
5515 5516
5515 5591
5516 5517
5517 5518
5517 5593
5518 5519
5519 5520
5519 5595
5520 5521
5521 5522
5521 5597
5522 5523
5523 5524
5523 5599
5524 5525
5525 5526
5525 5601
5526 5527
5527 5603
5528 5529
5528 5603
5528 5604
5529 5530
5530 5531
5530 5606
5531 5532
5532 5533
5532 5608
5533 5534
5534 5535
5534 5610
5535 5536
5536 5537
5536 5612
5537 5538
5538 5539
5538 5614
5539 5540
5540 5541
5540 5616
5541 5542
5542 5543
5542 5618
5543 5544
5544 5545
5544 5620
5545 5546
5546 5547
5546 5622
5547 5548
5548 5549
5548 5624
5549 5550
5550 5551
5550 5626
5551 5552
5552 5553
5552 5628
5553 5554
5554 5555
5554 5630
5555 5556
5556 5557
5556 5632
5557 5558
5558 5559
5558 5634
5559 5560
5560 5561
5560 5636
5561 5562
5562 5563
5562 5638
5563 5564
5564 5565
5564 5640
5565 5566
5566 5567
5566 5642
5567 5568
5568 5569
5568 5644
5569 5570
5570 5571
5570 5646
5571 5572
5572 5573
5572 5648
5573 5574
5574 5575
5574 5650
5575 5576
5576 5577
5576 5652
5577 5578
5578 5579
5578 5654
5579 5580
5580 5581
5580 5656
5581 5582
5582 5583
5582 5658
5583 5584
5584 5585
5584 5660
5585 5586
5586 5587
5586 5662
5587 5588
5588 5589
5588 5664
5589 5590
5590 5591
5590 5666
5591 5592
5592 5593
5592 5668
5593 5594
5594 5595
5594 5670
5595 5596
5596 5597
5596 5672
5597 5598
5598 5599
5598 5674
5599 5600
5600 5601
5600 5676
5601 5602
5602 5603
5602 5678
5604 5605
5604 5679
5605 5606
5605 5681
5606 5607
5607 5608
5607 5683
5608 5609
5609 5610
5609 5685
5610 5611
5611 5612
5611 5687
5612 5613
5613 5614
5613 5689
5614 5615
5615 5616
5615 5691
5616 5617
5617 5618
5617 5693
5618 5619
5619 5620
5619 5695
5620 5621
5621 5622
5621 5697
5622 5623
5623 5624
5623 5699
5624 5625
5625 5626
5625 5701
5626 5627
5627 5628
5627 5703
5628 5629
5629 5630
5629 5705
5630 5631
5631 5632
5631 5707
5632 5633
5633 5634
5633 5709
5634 5635
5635 5636
5635 5711
5636 5637
5637 5638
5637 5713
5638 5639
5639 5640
5639 5715
5640 5641
5641 5642
5641 5717
5642 5643
5643 5644
5643 5719
5644 5645
5645 5646
5645 5721
5646 5647
5647 5648
5647 5723
5648 5649
5649 5650
5649 5725
5650 5651
5651 5652
5651 5727
5652 5653
5653 5654
5653 5729
5654 5655
5655 5656
5655 5731
5656 5657
5657 5658
5657 5733
5658 5659
5659 5660
5659 5735
5660 5661
5661 5662
5661 5737
5662 5663
5663 5664
5663 5739
5664 5665
5665 5666
5665 5741
5666 5667
5667 5668
5667 5743
5668 5669
5669 5670
5669 5745
5670 5671
5671 5672
5671 5747
5672 5673
5673 5674
5673 5749
5674 5675
5675 5676
5675 5751
5676 5677
5677 5678
5677 5753
5678 5679
5679 5755
5680 5681
5680 5755
5680 5756
5681 5682
5682 5683
5682 5758
5683 5684
5684 5685
5684 5760
5685 5686
5686 5687
5686 5762
5687 5688
5688 5689
5688 5764
5689 5690
5690 5691
5690 5766
5691 5692
5692 5693
5692 5768
5693 5694
5694 5695
5694 5770
5695 5696
5696 5697
5696 5772
5697 5698
5698 5699
5698 5774
5699 5700
5700 5701
5700 5776
5701 5702
5702 5703
5702 5778
5703 5704
5704 5705
5704 5780
5705 5706
5706 5707
5706 5782
5707 5708
5708 5709
5708 5784
5709 5710
5710 5711
5710 5786
5711 5712
5712 5713
5712 5788
5713 5714
5714 5715
5714 5790
5715 5716
5716 5717
5716 5792
5717 5718
5718 5719
5718 5794
5719 5720
5720 5721
5720 5796
5721 5722
5722 5723
5722 5798
5723 5724
5724 5725
5724 5800
5725 5726
5726 5727
5726 5802
5727 5728
5728 5729
5728 5804
5729 5730
5730 5731
5730 5806
5731 5732
5732 5733
5732 5808
5733 5734
5734 5735
5734 5810
5735 5736
5736 5737
5736 5812
5737 5738
5738 5739
5738 5814
5739 5740
5740 5741
5740 5816
5741 5742
5742 5743
5742 5818
5743 5744
5744 5745
5744 5820
5745 5746
5746 5747
5746 5822
5747 5748
5748 5749
5748 5824
5749 5750
5750 5751
5750 5826
5751 5752
5752 5753
5752 5828
5753 5754
5754 5755
5754 5830
5756 5757
5756 5831
5757 5758
5757 5833
5758 5759
5759 5760
5759 5835
5760 5761
5761 5762
5761 5837
5762 5763
5763 5764
5763 5839
5764 5765
5765 5766
5765 5841
5766 5767
5767 5768
5767 5843
5768 5769
5769 5770
5769 5845
5770 5771
5771 5772
5771 5847
5772 5773
5773 5774
5773 5849
5774 5775
5775 5776
5775 5851
5776 5777
5777 5778
5777 5853
5778 5779
5779 5780
5779 5855
5780 5781
5781 5782
5781 5857
5782 5783
5783 5784
5783 5859
5784 5785
5785 5786
5785 5861
5786 5787
5787 5788
5787 5863
5788 5789
5789 5790
5789 5865
5790 5791
5791 5792
5791 5867
5792 5793
5793 5794
5793 5869
5794 5795
5795 5796
5795 5871
5796 5797
5797 5798
5797 5873
5798 5799
5799 5800
5799 5875
5800 5801
5801 5802
5801 5877
5802 5803
5803 5804
5803 5879
5804 5805
5805 5806
5805 5881
5806 5807
5807 5808
5807 5883
5808 5809
5809 5810
5809 5885
5810 5811
5811 5812
5811 5887
5812 5813
5813 5814
5813 5889
5814 5815
5815 5816
5815 5891
5816 5817
5817 5818
5817 5893
5818 5819
5819 5820
5819 5895
5820 5821
5821 5822
5821 5897
5822 5823
5823 5824
5823 5899
5824 5825
5825 5826
5825 5901
5826 5827
5827 5828
5827 5903
5828 5829
5829 5830
5829 5905
5830 5831
5831 5907
5832 5833
5832 5907
5832 5908
5833 5834
5834 5835
5834 5910
5835 5836
5836 5837
5836 5912
5837 5838
5838 5839
5838 5914
5839 5840
5840 5841
5840 5916
5841 5842
5842 5843
5842 5918
5843 5844
5844 5845
5844 5920
5845 5846
5846 5847
5846 5922
5847 5848
5848 5849
5848 5924
5849 5850
5850 5851
5850 5926
5851 5852
5852 5853
5852 5928
5853 5854
5854 5855
5854 5930
5855 5856
5856 5857
5856 5932
5857 5858
5858 5859
5858 5934
5859 5860
5860 5861
5860 5936
5861 5862
5862 5863
5862 5938
5863 5864
5864 5865
5864 5940
5865 5866
5866 5867
5866 5942
5867 5868
5868 5869
5868 5944
5869 5870
5870 5871
5870 5946
5871 5872
5872 5873
5872 5948
5873 5874
5874 5875
5874 5950
5875 5876
5876 5877
5876 5952
5877 5878
5878 5879
5878 5954
5879 5880
5880 5881
5880 5956
5881 5882
5882 5883
5882 5958
5883 5884
5884 5885
5884 5960
5885 5886
5886 5887
5886 5962
5887 5888
5888 5889
5888 5964
5889 5890
5890 5891
5890 5966
5891 5892
5892 5893
5892 5968
5893 5894
5894 5895
5894 5970
5895 5896
5896 5897
5896 5972
5897 5898
5898 5899
5898 5974
5899 5900
5900 5901
5900 5976
5901 5902
5902 5903
5902 5978
5903 5904
5904 5905
5904 5980
5905 5906
5906 5907
5906 5982
5908 5909
5908 5983
5909 5910
5909 5985
5910 5911
5911 5912
5911 5987
5912 5913
5913 5914
5913 5989
5914 5915
5915 5916
5915 5991
5916 5917
5917 5918
5917 5993
5918 5919
5919 5920
5919 5995
5920 5921
5921 5922
5921 5997
5922 5923
5923 5924
5923 5999
5924 5925
5925 5926
5925 6001
5926 5927
5927 5928
5927 6003
5928 5929
5929 5930
5929 6005
5930 5931
5931 5932
5931 6007
5932 5933
5933 5934
5933 6009
5934 5935
5935 5936
5935 6011
5936 5937
5937 5938
5937 6013
5938 5939
5939 5940
5939 6015
5940 5941
5941 5942
5941 6017
5942 5943
5943 5944
5943 6019
5944 5945
5945 5946
5945 6021
5946 5947
5947 5948
5947 6023
5948 5949
5949 5950
5949 6025
5950 5951
5951 5952
5951 6027
5952 5953
5953 5954
5953 6029
5954 5955
5955 5956
5955 6031
5956 5957
5957 5958
5957 6033
5958 5959
5959 5960
5959 6035
5960 5961
5961 5962
5961 6037
5962 5963
5963 5964
5963 6039
5964 5965
5965 5966
5965 6041
5966 5967
5967 5968
5967 6043
5968 5969
5969 5970
5969 6045
5970 5971
5971 5972
5971 6047
5972 5973
5973 5974
5973 6049
5974 5975
5975 5976
5975 6051
5976 5977
5977 5978
5977 6053
5978 5979
5979 5980
5979 6055
5980 5981
5981 5982
5981 6057
5982 5983
5983 6059
5984 5985
5984 6059
5984 6060
5985 5986
5986 5987
5986 6062
5987 5988
5988 5989
5988 6064
5989 5990
5990 5991
5990 6066
5991 5992
5992 5993
5992 6068
5993 5994
5994 5995
5994 6070
5995 5996
5996 5997
5996 6072
5997 5998
5998 5999
5998 6074
5999 6000
6000 6001
6000 6076
6001 6002
6002 6003
6002 6078
6003 6004
6004 6005
6004 6080
6005 6006
6006 6007
6006 6082
6007 6008
6008 6009
6008 6084
6009 6010
6010 6011
6010 6086
6011 6012
6012 6013
6012 6088
6013 6014
6014 6015
6014 6090
6015 6016
6016 6017
6016 6092
6017 6018
6018 6019
6018 6094
6019 6020
6020 6021
6020 6096
6021 6022
6022 6023
6022 6098
6023 6024
6024 6025
6024 6100
6025 6026
6026 6027
6026 6102
6027 6028
6028 6029
6028 6104
6029 6030
6030 6031
6030 6106
6031 6032
6032 6033
6032 6108
6033 6034
6034 6035
6034 6110
6035 6036
6036 6037
6036 6112
6037 6038
6038 6039
6038 6114
6039 6040
6040 6041
6040 6116
6041 6042
6042 6043
6042 6118
6043 6044
6044 6045
6044 6120
6045 6046
6046 6047
6046 6122
6047 6048
6048 6049
6048 6124
6049 6050
6050 6051
6050 6126
6051 6052
6052 6053
6052 6128
6053 6054
6054 6055
6054 6130
6055 6056
6056 6057
6056 6132
6057 6058
6058 6059
6058 6134
6060 6061
6060 6135
6061 6062
6061 6137
6062 6063
6063 6064
6063 6139
6064 6065
6065 6066
6065 6141
6066 6067
6067 6068
6067 6143
6068 6069
6069 6070
6069 6145
6070 6071
6071 6072
6071 6147
6072 6073
6073 6074
6073 6149
6074 6075
6075 6076
6075 6151
6076 6077
6077 6078
6077 6153
6078 6079
6079 6080
6079 6155
6080 6081
6081 6082
6081 6157
6082 6083
6083 6084
6083 6159
6084 6085
6085 6086
6085 6161
6086 6087
6087 6088
6087 6163
6088 6089
6089 6090
6089 6165
6090 6091
6091 6092
6091 6167
6092 6093
6093 6094
6093 6169
6094 6095
6095 6096
6095 6171
6096 6097
6097 6098
6097 6173
6098 6099
6099 6100
6099 6175
6100 6101
6101 6102
6101 6177
6102 6103
6103 6104
6103 6179
6104 6105
6105 6106
6105 6181
6106 6107
6107 6108
6107 6183
6108 6109
6109 6110
6109 6185
6110 6111
6111 6112
6111 6187
6112 6113
6113 6114
6113 6189
6114 6115
6115 6116
6115 6191
6116 6117
6117 6118
6117 6193
6118 6119
6119 6120
6119 6195
6120 6121
6121 6122
6121 6197
6122 6123
6123 6124
6123 6199
6124 6125
6125 6126
6125 6201
6126 6127
6127 6128
6127 6203
6128 6129
6129 6130
6129 6205
6130 6131
6131 6132
6131 6207
6132 6133
6133 6134
6133 6209
6134 6135
6135 6211
6136 6137
6136 6211
6136 6212
6137 6138
6138 6139
6138 6214
6139 6140
6140 6141
6140 6216
6141 6142
6142 6143
6142 6218
6143 6144
6144 6145
6144 6220
6145 6146
6146 6147
6146 6222
6147 6148
6148 6149
6148 6224
6149 6150
6150 6151
6150 6226
6151 6152
6152 6153
6152 6228
6153 6154
6154 6155
6154 6230
6155 6156
6156 6157
6156 6232
6157 6158
6158 6159
6158 6234
6159 6160
6160 6161
6160 6236
6161 6162
6162 6163
6162 6238
6163 6164
6164 6165
6164 6240
6165 6166
6166 6167
6166 6242
6167 6168
6168 6169
6168 6244
6169 6170
6170 6171
6170 6246
6171 6172
6172 6173
6172 6248
6173 6174
6174 6175
6174 6250
6175 6176
6176 6177
6176 6252
6177 6178
6178 6179
6178 6254
6179 6180
6180 6181
6180 6256
6181 6182
6182 6183
6182 6258
6183 6184
6184 6185
6184 6260
6185 6186
6186 6187
6186 6262
6187 6188
6188 6189
6188 6264
6189 6190
6190 6191
6190 6266
6191 6192
6192 6193
6192 6268
6193 6194
6194 6195
6194 6270
6195 6196
6196 6197
6196 6272
6197 6198
6198 6199
6198 6274
6199 6200
6200 6201
6200 6276
6201 6202
6202 6203
6202 6278
6203 6204
6204 6205
6204 6280
6205 6206
6206 6207
6206 6282
6207 6208
6208 6209
6208 6284
6209 6210
6210 6211
6210 6286
6212 6213
6212 6287
6213 6214
6213 6289
6214 6215
6215 6216
6215 6291
6216 6217
6217 6218
6217 6293
6218 6219
6219 6220
6219 6295
6220 6221
6221 6222
6221 6297
6222 6223
6223 6224
6223 6299
6224 6225
6225 6226
6225 6301
6226 6227
6227 6228
6227 6303
6228 6229
6229 6230
6229 6305
6230 6231
6231 6232
6231 6307
6232 6233
6233 6234
6233 6309
6234 6235
6235 6236
6235 6311
6236 6237
6237 6238
6237 6313
6238 6239
6239 6240
6239 6315
6240 6241
6241 6242
6241 6317
6242 6243
6243 6244
6243 6319
6244 6245
6245 6246
6245 6321
6246 6247
6247 6248
6247 6323
6248 6249
6249 6250
6249 6325
6250 6251
6251 6252
6251 6327
6252 6253
6253 6254
6253 6329
6254 6255
6255 6256
6255 6331
6256 6257
6257 6258
6257 6333
6258 6259
6259 6260
6259 6335
6260 6261
6261 6262
6261 6337
6262 6263
6263 6264
6263 6339
6264 6265
6265 6266
6265 6341
6266 6267
6267 6268
6267 6343
6268 6269
6269 6270
6269 6345
6270 6271
6271 6272
6271 6347
6272 6273
6273 6274
6273 6349
6274 6275
6275 6276
6275 6351
6276 6277
6277 6278
6277 6353
6278 6279
6279 6280
6279 6355
6280 6281
6281 6282
6281 6357
6282 6283
6283 6284
6283 6359
6284 6285
6285 6286
6285 6361
6286 6287
6287 6363
6288 6289
6288 6363
6289 6290
6290 6291
6291 6292
6292 6293
6293 6294
6294 6295
6295 6296
6296 6297
6297 6298
6298 6299
6299 6300
6300 6301
6301 6302
6302 6303
6303 6304
6304 6305
6305 6306
6306 6307
6307 6308
6308 6309
6309 6310
6310 6311
6311 6312
6312 6313
6313 6314
6314 6315
6315 6316
6316 6317
6317 6318
6318 6319
6319 6320
6320 6321
6321 6322
6322 6323
6323 6324
6324 6325
6325 6326
6326 6327
6327 6328
6328 6329
6329 6330
6330 6331
6331 6332
6332 6333
6333 6334
6334 6335
6335 6336
6336 6337
6337 6338
6338 6339
6339 6340
6340 6341
6341 6342
6342 6343
6343 6344
6344 6345
6345 6346
6346 6347
6347 6348
6348 6349
6349 6350
6350 6351
6351 6352
6352 6353
6353 6354
6354 6355
6355 6356
6356 6357
6357 6358
6358 6359
6359 6360
6360 6361
6361 6362
6362 6363
